0	14
1	12
2	11
3	20
4	19
5	14
6	16
7	21
8	12
9	13
10	16
11	18
12	13
13	22
14	10
15	15
16	19
17	16
18	14
19	14
20	18
21	15
22	15
23	13
24	20
25	19
26	21
27	24
28	11
29	22
30	20
31	19
32	18
33	19
34	18
35	23
36	22
37	14
38	24
39	21
40	17
41	29
42	22
43	19
44	21
45	24
46	18
47	18
48	23
49	20
50	13
51	25
52	26
53	15
54	13
55	10
56	13
57	16
58	8
59	5
60	23
61	27
62	6
63	16
64	16
65	29
66	26
67	19
68	13
69	24
70	30
71	6
72	22
73	22
74	24
75	16
76	29
77	30
78	29
79	32
80	19
81	25
82	19
83	28
84	12
85	21
86	25
87	26
88	24
89	21
90	20
91	24
92	11
93	29
94	25
95	12
96	32
97	26
98	20
99	19
100	21
101	23
102	19
103	19
104	25
105	32
106	26
107	17
108	26
109	17
110	22
111	29
112	33
113	19
114	25
115	13
116	33
117	22
118	29
119	29
120	26
121	21
122	33
123	34
124	14
125	23
126	21
127	18
128	23
129	25
130	27
131	35
132	34
133	24
134	23
135	25
136	32
137	39
138	27
139	34
140	30
141	22
142	24
143	17
144	40
145	33
146	30
147	28
148	31
149	27
150	24
151	22
152	40
153	23
154	22
155	25
156	30
157	28
158	39
159	37
160	26
161	31
162	29
163	29
164	29
165	33
166	35
167	44
168	33
169	31
170	30
171	33
172	20
173	33
174	36
175	16
176	25
177	23
178	42
179	22
180	42
181	29
182	24
183	33
184	31
185	45
186	43
187	33
188	20
189	41
190	31
191	24
192	25
193	18
194	33
195	32
196	43
197	37
198	33
199	34
200	26
201	31
202	30
203	30
204	26
205	23
206	43
207	32
208	33
209	31
210	34
211	28
212	27
213	33
214	31
215	38
216	43
217	47
218	31
219	44
220	34
221	30
222	35
223	40
224	33
225	24
226	38
227	33
228	31
229	26
230	32
231	20
232	33
233	32
234	28
235	48
236	31
237	30
238	25
239	25
240	45
241	20
242	46
243	32
244	23
245	31
246	35
247	35
248	32
249	42
250	34
251	19
252	36
253	17
254	27
255	28
256	36
257	31
258	38
259	33
260	27
261	34
262	22
263	17
264	47
265	33
266	38
267	36
268	26
269	10
270	44
271	45
272	38
273	37
274	37
275	34
276	35
277	23
278	26
279	32
280	43
281	27
282	43
283	24
284	15
285	28
286	34
287	36
288	37
289	26
290	37
291	38
292	31
293	38
294	26
295	33
296	42
297	24
298	42
299	47
300	22
301	37
302	32
303	32
304	31
305	13
306	41
307	34
308	35
309	42
310	25
311	39
312	32
313	25
314	22
315	30
316	24
317	36
318	15
319	30
320	41
321	28
322	28
323	26
324	38
325	40
326	31
327	32
328	45
329	26
330	32
331	23
332	26
333	25
334	32
335	26
336	37
337	41
338	35
339	39
340	40
341	32
342	40
343	42
344	25
345	39
346	41
347	29
348	33
349	32
350	41
351	28
352	40
353	31
354	39
355	25
356	35
357	35
358	38
359	33
360	37
361	29
362	35
363	39
364	34
365	34
366	27
367	37
368	36
369	29
370	38
371	36
372	42
373	38
374	29
375	34
376	34
377	38
378	43
379	38
380	31
381	41
382	31
383	31
384	42
385	29
386	37
387	38
388	37
389	35
390	14
391	24
392	33
393	33
394	35
395	14
396	34
397	33
398	35
399	27
400	23
401	36
402	35
403	32
404	43
405	35
406	37
407	36
408	38
409	46
410	29
411	32
412	31
413	25
414	34
415	36
416	35
417	14
418	27
419	38
420	30
421	38
422	36
423	37
424	35
425	32
426	45
427	47
428	37
429	35
430	32
431	37
432	29
433	34
434	15
435	28
436	36
437	38
438	34
439	35
440	30
441	37
442	41
443	36
444	35
445	27
446	36
447	33
448	35
449	34
450	29
451	36
452	24
453	36
454	32
455	35
456	42
457	37
458	30
459	36
460	35
461	28
462	27
463	30
464	35
465	31
466	30
467	36
468	36
469	27
470	36
471	39
472	38
473	28
474	41
475	35
476	25
477	39
478	32
479	35
480	46
481	35
482	33
483	39
484	31
485	32
486	28
487	31
488	40
489	36
490	29
491	26
492	30
493	23
494	40
495	30
496	40
497	32
498	36
499	29
500	32
501	46
502	31
503	32
504	37
505	32
506	28
507	29
508	33
509	20
510	30
511	43
512	33
513	30
514	18
515	36
516	41
517	36
518	36
519	40
520	29
521	47
522	30
523	30
524	32
525	30
526	30
527	20
528	42
529	33
530	34
531	38
532	34
533	37
534	42
535	32
536	21
537	34
538	32
539	15
540	31
541	30
542	37
543	25
544	32
545	31
546	29
547	30
548	35
549	32
550	30
551	36
552	45
553	34
554	39
555	30
556	42
557	35
558	39
559	32
560	39
561	41
562	28
563	30
564	27
565	30
566	27
567	41
568	27
569	27
570	43
571	26
572	35
573	39
574	46
575	39
576	29
577	37
578	21
579	36
580	23
581	34
582	28
583	41
584	39
585	40
586	45
587	38
588	36
589	26
590	32
591	39
592	35
593	33
594	33
595	38
596	33
597	41
598	39
599	38
600	25
601	21
602	35
603	38
604	37
605	28
606	38
607	40
608	27
609	33
610	30
611	34
612	36
613	28
614	28
615	38
616	31
617	26
618	25
619	27
620	28
621	34
622	29
623	32
624	40
625	36
626	35
627	34
628	33
629	40
630	33
631	23
632	28
633	24
634	22
635	39
636	30
637	29
638	23
639	27
640	34
641	37
642	32
643	34
644	28
645	36
646	32
647	40
648	33
649	32
650	38
651	36
652	30
653	33
654	36
655	21
656	28
657	34
658	24
659	36
660	29
661	35
662	38
663	29
664	33
665	24
666	32
667	36
668	36
669	22
670	28
671	34
672	34
673	26
674	39
675	28
676	29
677	26
678	27
679	38
680	33
681	31
682	34
683	28
684	35
685	35
686	33
687	35
688	36
689	34
690	29
691	31
692	31
693	38
694	23
695	26
696	30
697	32
698	27
699	26
700	30
701	36
702	30
703	28
704	33
705	25
706	30
707	28
708	27
709	31
710	28
711	26
712	37
713	24
714	37
715	33
716	28
717	36
718	23
719	37
720	34
721	29
722	37
723	30
724	34
725	26
726	26
727	26
728	39
729	36
730	30
731	32
732	34
733	29
734	26
735	30
736	20
737	29
738	34
739	29
740	20
741	33
742	23
743	30
744	20
745	35
746	39
747	33
748	36
749	27
750	19
751	32
752	30
753	39
754	35
755	29
756	19
757	35
758	27
759	27
760	25
761	40
762	42
763	29
764	24
765	23
766	32
767	25
768	42
769	29
770	25
771	29
772	28
773	25
774	22
775	34
776	17
777	38
778	28
779	30
780	30
781	35
782	28
783	22
784	26
785	24
786	31
787	32
788	44
789	35
790	44
791	28
792	23
793	38
794	28
795	24
796	24
797	28
798	30
799	39
800	26
801	33
802	21
803	41
804	16
805	35
806	35
807	28
808	28
809	20
810	28
811	23
812	27
813	33
814	38
815	24
816	25
817	23
818	38
819	33
820	33
821	21
822	39
823	39
824	34
825	31
826	29
827	29
828	35
829	23
830	22
831	27
832	19
833	34
834	38
835	35
836	38
837	32
838	39
839	23
840	26
841	29
842	23
843	18
844	25
845	23
846	22
847	26
848	31
849	35
850	22
851	20
852	25
853	33
854	25
855	24
856	25
857	36
858	31
859	38
860	33
861	33
862	33
863	30
864	30
865	24
866	25
867	37
868	33
869	28
870	34
871	26
872	36
873	31
874	28
875	37
876	35
877	40
878	25
879	26
880	28
881	42
882	31
883	38
884	42
885	33
886	30
887	26
888	20
889	24
890	42
891	37
892	26
893	36
894	27
895	36
896	26
897	24
898	35
899	36
900	20
901	35
902	30
903	37
904	38
905	30
906	30
907	34
908	23
909	37
910	22
911	38
912	25
913	25
914	19
915	25
916	23
917	37
918	33
919	38
920	23
921	35
922	25
923	28
924	37
925	21
926	35
927	26
928	27
929	37
930	32
931	35
932	42
933	26
934	33
935	41
936	40
937	30
938	28
939	28
940	34
941	32
942	36
943	29
944	37
945	39
946	25
947	39
948	40
949	29
950	36
951	27
952	23
953	41
954	23
955	33
956	31
957	36
958	37
959	38
960	38
961	26
962	27
963	23
964	44
965	33
966	35
967	41
968	40
969	24
970	38
971	30
972	23
973	20
974	23
975	24
976	31
977	25
978	24
979	44
980	39
981	17
982	38
983	40
984	34
985	20
986	35
987	24
988	26
989	33
990	36
991	22
992	31
993	31
994	28
995	26
996	26
997	33
998	41
999	34
1000	25
1001	29
1002	30
1003	37
1004	40
1005	36
1006	42
1007	38
1008	41
1009	33
1010	33
1011	20
1012	30
1013	28
1014	40
1015	31
1016	13
1017	32
1018	31
1019	23
1020	25
1021	25
1022	37
1023	39
1024	33
1025	26
1026	30
1027	28
1028	28
1029	30
1030	32
1031	25
1032	25
1033	24
1034	34
1035	38
1036	41
1037	13
1038	37
1039	37
1040	38
1041	26
1042	32
1043	25
1044	30
1045	39
1046	39
1047	30
1048	30
1049	41
1050	40
1051	29
1052	34
1053	25
1054	27
1055	24
1056	25
1057	39
1058	40
1059	31
1060	38
1061	41
1062	26
1063	38
1064	41
1065	30
1066	37
1067	29
1068	32
1069	19
1070	34
1071	38
1072	24
1073	32
1074	26
1075	35
1076	39
1077	38
1078	26
1079	35
1080	28
1081	32
1082	26
1083	40
1084	25
1085	26
1086	32
1087	30
1088	40
1089	26
1090	38
1091	36
1092	33
1093	26
1094	41
1095	26
1096	26
1097	43
1098	30
1099	34
1100	31
1101	24
1102	32
1103	31
1104	28
1105	25
1106	16
1107	35
1108	23
1109	40
1110	29
1111	13
1112	38
1113	20
1114	35
1115	37
1116	40
1117	30
1118	32
1119	25
1120	31
1121	29
1122	36
1123	35
1124	34
1125	27
1126	30
1127	35
1128	40
1129	29
1130	39
1131	34
1132	24
1133	29
1134	18
1135	33
1136	37
1137	40
1138	38
1139	31
1140	38
1141	29
1142	26
1143	38
1144	25
1145	23
1146	27
1147	21
1148	27
1149	25
1150	36
1151	25
1152	28
1153	31
1154	34
1155	39
1156	40
1157	31
1158	37
1159	27
1160	35
1161	25
1162	28
1163	26
1164	26
1165	22
1166	27
1167	28
1168	23
1169	37
1170	27
1171	31
1172	33
1173	36
1174	25
1175	26
1176	38
1177	33
1178	19
1179	26
1180	39
1181	22
1182	37
1183	23
1184	27
1185	35
1186	11
1187	27
1188	23
1189	38
1190	38
1191	37
1192	36
1193	26
1194	20
1195	26
1196	24
1197	36
1198	40
1199	26
1200	26
1201	26
1202	23
1203	40
1204	23
1205	37
1206	25
1207	35
1208	30
1209	30
1210	21
1211	39
1212	26
1213	37
1214	38
1215	32
1216	34
1217	31
1218	33
1219	30
1220	25
1221	29
1222	37
1223	25
1224	38
1225	27
1226	29
1227	27
1228	31
1229	30
1230	24
1231	33
1232	41
1233	27
1234	25
1235	32
1236	27
1237	37
1238	34
1239	35
1240	34
1241	27
1242	36
1243	31
1244	31
1245	32
1246	32
1247	36
1248	39
1249	26
1250	28
1251	34
1252	24
1253	27
1254	33
1255	26
1256	27
1257	32
1258	20
1259	30
1260	33
1261	30
1262	29
1263	26
1264	27
1265	36
1266	28
1267	31
1268	36
1269	28
1270	38
1271	33
1272	28
1273	42
1274	28
1275	36
1276	33
1277	26
1278	36
1279	35
1280	29
1281	31
1282	27
1283	31
1284	28
1285	22
1286	25
1287	27
1288	27
1289	29
1290	30
1291	27
1292	32
1293	32
1294	28
1295	30
1296	35
1297	35
1298	31
1299	35
1300	26
1301	30
1302	33
1303	25
1304	30
1305	32
1306	28
1307	23
1308	35
1309	31
1310	15
1311	38
1312	30
1313	25
1314	32
1315	32
1316	25
1317	23
1318	29
1319	32
1320	28
1321	31
1322	32
1323	37
1324	24
1325	37
1326	31
1327	26
1328	33
1329	32
1330	16
1331	29
1332	31
1333	29
1334	28
1335	33
1336	33
1337	25
1338	28
1339	35
1340	28
1341	28
1342	34
1343	23
1344	30
1345	30
1346	31
1347	29
1348	24
1349	26
1350	32
1351	30
1352	36
1353	32
1354	36
1355	33
1356	34
1357	27
1358	34
1359	30
1360	23
1361	26
1362	26
1363	30
1364	35
1365	26
1366	30
1367	31
1368	34
1369	40
1370	33
1371	36
1372	24
1373	22
1374	16
1375	30
1376	31
1377	31
1378	22
1379	34
1380	37
1381	31
1382	23
1383	26
1384	34
1385	29
1386	34
1387	31
1388	33
1389	29
1390	26
1391	33
1392	25
1393	27
1394	33
1395	26
1396	36
1397	37
1398	33
1399	35
1400	23
1401	31
1402	29
1403	30
1404	38
1405	11
1406	31
1407	38
1408	24
1409	29
1410	36
1411	37
1412	25
1413	39
1414	34
1415	29
1416	31
1417	10
1418	30
1419	31
1420	25
1421	30
1422	35
1423	28
1424	26
1425	21
1426	36
1427	39
1428	31
1429	18
1430	32
1431	34
1432	40
1433	40
1434	36
1435	34
1436	38
1437	35
1438	32
1439	29
1440	31
1441	33
1442	31
1443	29
1444	35
1445	30
1446	28
1447	37
1448	24
1449	19
1450	27
1451	32
1452	33
1453	33
1454	30
1455	25
1456	36
1457	34
1458	35
1459	29
1460	31
1461	35
1462	35
1463	27
1464	32
1465	36
1466	38
1467	31
1468	33
1469	31
1470	28
1471	28
1472	20
1473	34
1474	30
1475	30
1476	27
1477	32
1478	27
1479	32
1480	34
1481	33
1482	25
1483	33
1484	26
1485	24
1486	10
1487	31
1488	31
1489	27
1490	29
1491	37
1492	28
1493	38
1494	29
1495	27
1496	26
1497	30
1498	36
1499	34
1500	34
1501	29
1502	28
1503	31
1504	32
1505	29
1506	34
1507	34
1508	36
1509	23
1510	31
1511	36
1512	29
1513	23
1514	35
1515	23
1516	32
1517	25
1518	30
1519	30
1520	29
1521	29
1522	30
1523	26
1524	28
1525	33
1526	31
1527	31
1528	11
1529	28
1530	29
1531	34
1532	30
1533	33
1534	28
1535	25
1536	34
1537	29
1538	30
1539	32
1540	32
1541	26
1542	32
1543	9
1544	29
1545	34
1546	30
1547	34
1548	23
1549	27
1550	27
1551	29
1552	19
1553	33
1554	29
1555	34
1556	31
1557	28
1558	25
1559	28
1560	28
1561	26
1562	32
1563	21
1564	19
1565	29
1566	24
1567	28
1568	32
1569	27
1570	30
1571	28
1572	38
1573	30
1574	25
1575	31
1576	28
1577	28
1578	38
1579	37
1580	24
1581	27
1582	24
1583	31
1584	29
1585	22
1586	37
1587	26
1588	28
1589	20
1590	29
1591	27
1592	19
1593	29
1594	28
1595	30
1596	31
1597	28
1598	30
1599	26
1600	29
1601	21
1602	26
1603	31
1604	29
1605	31
1606	29
1607	30
1608	25
1609	28
1610	29
1611	25
1612	38
1613	23
1614	23
1615	23
1616	36
1617	35
1618	29
1619	26
1620	29
1621	30
1622	29
1623	31
1624	27
1625	26
1626	32
1627	28
1628	29
1629	27
1630	31
1631	29
1632	24
1633	32
1634	29
1635	32
1636	27
1637	29
1638	31
1639	21
1640	32
1641	35
1642	27
1643	27
1644	28
1645	30
1646	29
1647	22
1648	29
1649	29
1650	24
1651	26
1652	28
1653	32
1654	30
1655	29
1656	30
1657	29
1658	35
1659	26
1660	34
1661	25
1662	31
1663	25
1664	25
1665	34
1666	27
1667	18
1668	28
1669	25
1670	19
1671	32
1672	26
1673	36
1674	23
1675	30
1676	36
1677	33
1678	28
1679	24
1680	30
1681	28
1682	37
1683	24
1684	31
1685	25
1686	19
1687	34
1688	28
1689	22
1690	28
1691	34
1692	26
1693	23
1694	28
1695	26
1696	26
1697	35
1698	25
1699	25
1700	17
1701	25
1702	26
1703	22
1704	26
1705	36
1706	26
1707	39
1708	29
1709	24
1710	26
1711	25
1712	27
1713	30
1714	24
1715	39
1716	40
1717	25
1718	31
1719	18
1720	29
1721	25
1722	41
1723	32
1724	22
1725	24
1726	38
1727	28
1728	37
1729	27
1730	29
1731	26
1732	36
1733	25
1734	29
1735	30
1736	27
1737	27
1738	25
1739	24
1740	27
1741	23
1742	27
1743	27
1744	36
1745	28
1746	25
1747	25
1748	27
1749	26
1750	32
1751	24
1752	17
1753	26
1754	30
1755	27
1756	33
1757	26
1758	20
1759	22
1760	26
1761	23
1762	34
1763	26
1764	23
1765	25
1766	26
1767	22
1768	35
1769	22
1770	22
1771	28
1772	26
1773	27
1774	23
1775	39
1776	35
1777	16
1778	38
1779	29
1780	41
1781	38
1782	39
1783	26
1784	22
1785	24
1786	23
1787	24
1788	18
1789	28
1790	35
1791	33
1792	24
1793	40
1794	35
1795	32
1796	26
1797	36
1798	23
1799	22
1800	37
1801	28
1802	34
1803	33
1804	34
1805	24
1806	36
1807	30
1808	33
1809	23
1810	23
1811	22
1812	38
1813	36
1814	40
1815	32
1816	33
1817	22
1818	28
1819	29
1820	26
1821	27
1822	22
1823	28
1824	22
1825	33
1826	31
1827	34
1828	29
1829	34
1830	27
1831	26
1832	31
1833	35
1834	34
1835	24
1836	42
1837	37
1838	23
1839	25
1840	24
1841	23
1842	31
1843	33
1844	29
1845	27
1846	21
1847	31
1848	21
1849	25
1850	24
1851	32
1852	34
1853	21
1854	25
1855	40
1856	36
1857	26
1858	27
1859	25
1860	33
1861	30
1862	23
1863	21
1864	34
1865	30
1866	40
1867	25
1868	23
1869	33
1870	32
1871	46
1872	29
1873	18
1874	35
1875	26
1876	44
1877	28
1878	30
1879	45
1880	36
1881	38
1882	18
1883	33
1884	22
1885	24
1886	17
1887	26
1888	24
1889	31
1890	23
1891	27
1892	18
1893	37
1894	29
1895	33
1896	23
1897	35
1898	34
1899	22
1900	26
1901	36
1902	20
1903	25
1904	41
1905	33
1906	33
1907	34
1908	20
1909	31
1910	39
1911	34
1912	23
1913	28
1914	18
1915	30
1916	29
1917	28
1918	30
1919	25
1920	22
1921	32
1922	33
1923	33
1924	38
1925	22
1926	35
1927	39
1928	30
1929	26
1930	28
1931	25
1932	37
1933	34
1934	23
1935	29
1936	31
1937	27
1938	23
1939	25
1940	39
1941	31
1942	27
1943	38
1944	28
1945	42
1946	27
1947	28
1948	31
1949	30
1950	27
1951	34
1952	27
1953	41
1954	29
1955	26
1956	35
1957	26
1958	33
1959	29
1960	34
1961	27
1962	30
1963	28
1964	31
1965	31
1966	29
1967	15
1968	39
1969	28
1970	37
1971	31
1972	40
1973	34
1974	25
1975	31
1976	35
1977	34
1978	23
1979	32
1980	35
1981	32
1982	25
1983	31
1984	40
1985	40
1986	32
1987	29
1988	26
1989	30
1990	30
1991	31
1992	29
1993	37
1994	38
1995	22
1996	30
1997	28
1998	30
1999	36
2000	35
2001	32
2002	35
2003	30
2004	33
2005	36
2006	31
2007	23
2008	29
2009	31
2010	31
2011	23
2012	34
2013	37
2014	33
2015	24
2016	38
2017	29
2018	31
2019	34
2020	33
2021	34
2022	35
2023	23
2024	32
2025	30
2026	29
2027	32
2028	29
2029	36
2030	31
2031	34
2032	31
2033	33
2034	32
2035	33
2036	37
2037	32
2038	38
2039	36
2040	33
2041	32
2042	33
2043	31
2044	38
2045	34
2046	35
2047	37
2048	33
2049	29
2050	32
2051	28
2052	29
2053	33
2054	31
2055	32
2056	26
2057	24
2058	36
2059	37
2060	31
2061	32
2062	36
2063	31
2064	31
2065	36
2066	25
2067	32
2068	36
2069	26
2070	25
2071	34
2072	26
2073	24
2074	32
2075	35
2076	42
2077	40
2078	36
2079	29
2080	34
2081	29
2082	32
2083	36
2084	21
2085	31
2086	32
2087	32
2088	31
2089	37
2090	28
2091	33
2092	34
2093	35
2094	31
2095	32
2096	31
2097	32
2098	37
2099	22
2100	30
2101	33
2102	30
2103	35
2104	25
2105	38
2106	38
2107	36
2108	28
2109	30
2110	22
2111	27
2112	18
2113	39
2114	32
2115	37
2116	30
2117	31
2118	34
2119	39
2120	32
2121	40
2122	37
2123	23
2124	31
2125	35
2126	18
2127	33
2128	39
2129	41
2130	30
2131	35
2132	25
2133	37
2134	27
2135	35
2136	29
2137	31
2138	29
2139	30
2140	35
2141	23
2142	39
2143	43
2144	34
2145	22
2146	20
2147	25
2148	33
2149	38
2150	34
2151	31
2152	29
2153	32
2154	31
2155	30
2156	36
2157	41
2158	28
2159	36
2160	22
2161	24
2162	23
2163	31
2164	36
2165	25
2166	27
2167	28
2168	28
2169	33
2170	34
2171	33
2172	38
2173	35
2174	42
2175	28
2176	38
2177	33
2178	36
2179	33
2180	33
2181	40
2182	32
2183	36
2184	38
2185	29
2186	33
2187	41
2188	31
2189	38
2190	28
2191	39
2192	42
2193	33
2194	26
2195	30
2196	30
2197	37
2198	39
2199	31
2200	39
2201	31
2202	26
2203	30
2204	35
2205	36
2206	35
2207	36
2208	45
2209	37
2210	28
2211	28
2212	38
2213	29
2214	41
2215	35
2216	24
2217	29
2218	30
2219	36
2220	37
2221	43
2222	35
2223	33
2224	40
2225	33
2226	43
2227	33
2228	36
2229	42
2230	30
2231	41
2232	37
2233	34
2234	37
2235	37
2236	27
2237	26
2238	30
2239	32
2240	29
2241	42
2242	31
2243	26
2244	29
2245	34
2246	34
2247	28
2248	26
2249	32
2250	25
2251	36
2252	40
2253	34
2254	37
2255	30
2256	28
2257	42
2258	39
2259	37
2260	27
2261	30
2262	29
2263	39
2264	25
2265	38
2266	25
2267	36
2268	25
2269	36
2270	28
2271	22
2272	32
2273	26
2274	40
2275	34
2276	29
2277	27
2278	25
2279	30
2280	38
2281	36
2282	35
2283	31
2284	35
2285	23
2286	38
2287	32
2288	30
2289	34
2290	36
2291	39
2292	19
2293	36
2294	41
2295	24
2296	30
2297	24
2298	34
2299	37
2300	37
2301	42
2302	32
2303	43
2304	25
2305	33
2306	39
2307	22
2308	27
2309	39
2310	27
2311	35
2312	31
2313	30
2314	31
2315	22
2316	29
2317	29
2318	49
2319	23
2320	28
2321	30
2322	26
2323	32
2324	43
2325	30
2326	41
2327	29
2328	30
2329	42
2330	30
2331	28
2332	40
2333	42
2334	48
2335	24
2336	25
2337	27
2338	33
2339	26
2340	37
2341	28
2342	29
2343	35
2344	42
2345	33
2346	41
2347	29
2348	30
2349	30
2350	22
2351	30
2352	47
2353	21
2354	39
2355	39
2356	35
2357	29
2358	34
2359	25
2360	31
2361	32
2362	48
2363	31
2364	40
2365	42
2366	35
2367	34
2368	36
2369	27
2370	34
2371	36
2372	32
2373	33
2374	35
2375	41
2376	27
2377	27
2378	35
2379	24
2380	31
2381	32
2382	32
2383	36
2384	47
2385	39
2386	34
2387	22
2388	28
2389	34
2390	29
2391	27
2392	25
2393	33
2394	38
2395	40
2396	36
2397	27
2398	35
2399	39
2400	22
2401	37
2402	30
2403	30
2404	30
2405	30
2406	33
2407	29
2408	36
2409	35
2410	22
2411	30
2412	24
2413	31
2414	38
2415	27
2416	25
2417	29
2418	35
2419	32
2420	32
2421	36
2422	29
2423	39
2424	23
2425	31
2426	33
2427	30
2428	32
2429	23
2430	37
2431	28
2432	36
2433	36
2434	34
2435	32
2436	31
2437	25
2438	38
2439	25
2440	26
2441	31
2442	33
2443	30
2444	31
2445	22
2446	26
2447	34
2448	28
2449	17
2450	22
2451	27
2452	33
2453	26
2454	29
2455	30
2456	32
2457	26
2458	28
2459	23
2460	21
2461	30
2462	30
2463	31
2464	29
2465	33
2466	41
2467	29
2468	28
2469	40
2470	25
2471	30
2472	34
2473	32
2474	34
2475	35
2476	23
2477	22
2478	25
2479	31
2480	39
2481	28
2482	29
2483	30
2484	37
2485	31
2486	31
2487	31
2488	39
2489	38
2490	25
2491	33
2492	38
2493	33
2494	35
2495	32
2496	33
2497	28
2498	22
2499	34
2500	38
2501	31
2502	40
2503	30
2504	30
2505	28
2506	32
2507	26
2508	25
2509	32
2510	32
2511	35
2512	31
2513	43
2514	28
2515	24
2516	36
2517	33
2518	19
2519	26
2520	31
2521	41
2522	36
2523	38
2524	33
2525	42
2526	31
2527	29
2528	38
2529	23
2530	26
2531	22
2532	30
2533	24
2534	28
2535	26
2536	35
2537	34
2538	27
2539	30
2540	41
2541	34
2542	38
2543	33
2544	35
2545	30
2546	25
2547	30
2548	36
2549	36
2550	25
2551	41
2552	26
2553	31
2554	36
2555	34
2556	33
2557	24
2558	29
2559	31
2560	32
2561	24
2562	36
2563	32
2564	33
2565	37
2566	32
2567	29
2568	34
2569	30
2570	31
2571	38
2572	33
2573	34
2574	22
2575	32
2576	35
2577	28
2578	24
2579	38
2580	30
2581	31
2582	36
2583	36
2584	26
2585	37
2586	28
2587	18
2588	28
2589	29
2590	32
2591	31
2592	35
2593	34
2594	30
2595	30
2596	35
2597	18
2598	24
2599	26
2600	34
2601	33
2602	36
2603	26
2604	26
2605	34
2606	37
2607	39
2608	38
2609	25
2610	32
2611	38
2612	29
2613	36
2614	26
2615	25
2616	31
2617	38
2618	28
2619	37
2620	32
2621	35
2622	38
2623	40
2624	25
2625	33
2626	31
2627	34
2628	30
2629	39
2630	31
2631	14
2632	23
2633	21
2634	32
2635	32
2636	27
2637	36
2638	22
2639	31
2640	33
2641	28
2642	35
2643	39
2644	30
2645	34
2646	26
2647	22
2648	26
2649	33
2650	33
2651	35
2652	33
2653	38
2654	36
2655	31
2656	30
2657	28
2658	27
2659	30
2660	33
2661	36
2662	31
2663	37
2664	32
2665	31
2666	32
2667	29
2668	35
2669	21
2670	33
2671	19
2672	33
2673	19
2674	38
2675	31
2676	26
2677	41
2678	31
2679	33
2680	29
2681	32
2682	30
2683	28
2684	37
2685	26
2686	32
2687	33
2688	36
2689	32
2690	25
2691	23
2692	31
2693	27
2694	31
2695	22
2696	34
2697	31
2698	27
2699	35
2700	34
2701	31
2702	22
2703	29
2704	39
2705	27
2706	20
2707	19
2708	37
2709	38
2710	30
2711	37
2712	41
2713	38
2714	42
2715	37
2716	29
2717	37
2718	26
2719	29
2720	27
2721	34
2722	29
2723	22
2724	24
2725	22
2726	23
2727	33
2728	31
2729	32
2730	27
2731	27
2732	27
2733	33
2734	35
2735	36
2736	34
2737	39
2738	30
2739	28
2740	27
2741	34
2742	27
2743	32
2744	30
2745	35
2746	32
2747	31
2748	24
2749	15
2750	16
2751	34
2752	34
2753	31
2754	29
2755	19
2756	22
2757	34
2758	34
2759	29
2760	29
2761	21
2762	25
2763	34
2764	29
2765	31
2766	28
2767	28
2768	20
2769	39
2770	16
2771	19
2772	38
2773	29
2774	35
2775	37
2776	32
2777	32
2778	31
2779	30
2780	31
2781	31
2782	31
2783	32
2784	35
2785	33
2786	30
2787	37
2788	31
2789	19
2790	20
2791	30
2792	35
2793	23
2794	34
2795	27
2796	40
2797	32
2798	36
2799	30
2800	34
2801	33
2802	30
2803	31
2804	31
2805	33
2806	32
2807	30
2808	34
2809	29
2810	36
2811	41
2812	28
2813	45
2814	38
2815	32
2816	25
2817	25
2818	30
2819	28
2820	33
2821	30
2822	29
2823	40
2824	25
2825	32
2826	28
2827	26
2828	35
2829	30
2830	32
2831	28
2832	31
2833	16
2834	30
2835	26
2836	32
2837	35
2838	28
2839	34
2840	37
2841	38
2842	31
2843	32
2844	30
2845	29
2846	33
2847	38
2848	29
2849	30
2850	30
2851	33
2852	34
2853	30
2854	28
2855	26
2856	29
2857	24
2858	27
2859	29
2860	31
2861	33
2862	31
2863	27
2864	30
2865	31
2866	32
2867	43
2868	30
2869	31
2870	31
2871	31
2872	23
2873	23
2874	24
2875	39
2876	31
2877	40
2878	32
2879	28
2880	29
2881	29
2882	32
2883	31
2884	32
2885	29
2886	32
2887	31
2888	32
2889	33
2890	30
2891	33
2892	31
2893	32
2894	29
2895	31
2896	38
2897	32
2898	29
2899	29
2900	21
2901	27
2902	39
2903	31
2904	36
2905	20
2906	31
2907	43
2908	31
2909	26
2910	32
2911	13
2912	39
2913	24
2914	26
2915	44
2916	27
2917	29
2918	39
2919	32
2920	21
2921	35
2922	38
2923	33
2924	31
2925	26
2926	30
2927	25
2928	28
2929	26
2930	18
2931	26
2932	24
2933	44
2934	42
2935	40
2936	38
2937	45
2938	26
2939	32
2940	26
2941	31
2942	29
2943	46
2944	34
2945	31
2946	36
2947	29
2948	19
2949	19
2950	23
2951	25
2952	29
2953	26
2954	22
2955	31
2956	34
2957	39
2958	44
2959	26
2960	34
2961	34
2962	15
2963	30
2964	31
2965	26
2966	26
2967	28
2968	15
2969	35
2970	27
2971	24
2972	30
2973	46
2974	27
2975	41
2976	35
2977	23
2978	34
2979	31
2980	31
2981	34
2982	35
2983	28
2984	20
2985	34
2986	34
2987	25
2988	31
2989	29
2990	24
2991	30
2992	21
2993	28
2994	28
2995	24
2996	34
2997	26
2998	33
2999	45
3000	26
3001	30
3002	32
3003	27
3004	23
3005	20
3006	23
3007	27
3008	24
3009	33
3010	35
3011	30
3012	13
3013	30
3014	25
3015	26
3016	25
3017	27
3018	30
3019	35
3020	30
3021	31
3022	19
3023	30
3024	25
3025	29
3026	35
3027	36
3028	41
3029	42
3030	30
3031	33
3032	35
3033	25
3034	34
3035	32
3036	35
3037	44
3038	21
3039	27
3040	35
3041	26
3042	19
3043	28
3044	29
3045	33
3046	26
3047	31
3048	29
3049	30
3050	34
3051	30
3052	29
3053	31
3054	27
3055	29
3056	24
3057	37
3058	28
3059	32
3060	25
3061	28
3062	30
3063	33
3064	25
3065	31
3066	32
3067	34
3068	34
3069	33
3070	42
3071	33
3072	29
3073	16
3074	26
3075	34
3076	30
3077	42
3078	38
3079	28
3080	25
3081	28
3082	28
3083	33
3084	35
3085	35
3086	30
3087	36
3088	33
3089	35
3090	33
3091	42
3092	42
3093	30
3094	36
3095	28
3096	35
3097	34
3098	33
3099	34
3100	30
3101	35
3102	32
3103	31
3104	35
3105	30
3106	34
3107	22
3108	27
3109	29
3110	35
3111	41
3112	33
3113	32
3114	32
3115	31
3116	41
3117	27
3118	31
3119	28
3120	34
3121	32
3122	37
3123	25
3124	33
3125	22
3126	34
3127	33
3128	31
3129	31
3130	30
3131	33
3132	30
3133	33
3134	31
3135	29
3136	27
3137	39
3138	30
3139	27
3140	28
3141	31
3142	38
3143	20
3144	31
3145	27
3146	36
3147	33
3148	31
3149	27
3150	33
3151	37
3152	34
3153	40
3154	28
3155	34
3156	27
3157	29
3158	33
3159	34
3160	31
3161	29
3162	24
3163	33
3164	33
3165	36
3166	29
3167	26
3168	35
3169	34
3170	32
3171	25
3172	30
3173	34
3174	24
3175	26
3176	34
3177	26
3178	33
3179	32
3180	31
3181	25
3182	32
3183	23
3184	31
3185	32
3186	34
3187	23
3188	33
3189	29
3190	26
3191	25
3192	26
3193	31
3194	31
3195	29
3196	19
3197	33
3198	33
3199	32
3200	36
3201	36
3202	26
3203	15
3204	38
3205	30
3206	29
3207	34
3208	29
3209	28
3210	36
3211	30
3212	29
3213	24
3214	39
3215	23
3216	35
3217	24
3218	30
3219	35
3220	27
3221	25
3222	30
3223	35
3224	27
3225	32
3226	34
3227	25
3228	28
3229	27
3230	18
3231	32
3232	30
3233	28
3234	33
3235	32
3236	33
3237	24
3238	35
3239	32
3240	36
3241	32
3242	27
3243	33
3244	26
3245	28
3246	32
3247	33
3248	33
3249	37
3250	35
3251	28
3252	24
3253	31
3254	33
3255	32
3256	37
3257	31
3258	32
3259	33
3260	26
3261	25
3262	31
3263	36
3264	34
3265	24
3266	28
3267	26
3268	33
3269	35
3270	36
3271	29
3272	34
3273	23
3274	32
3275	31
3276	33
3277	31
3278	24
3279	18
3280	26
3281	25
3282	41
3283	25
3284	34
3285	34
3286	32
3287	25
3288	27
3289	26
3290	23
3291	35
3292	34
3293	31
3294	26
3295	33
3296	32
3297	35
3298	31
3299	31
3300	37
3301	27
3302	30
3303	30
3304	34
3305	37
3306	28
3307	33
3308	14
3309	31
3310	36
3311	35
3312	39
3313	42
3314	28
3315	28
3316	37
3317	36
3318	28
3319	38
3320	27
3321	28
3322	33
3323	41
3324	25
3325	36
3326	30
3327	26
3328	37
3329	27
3330	39
3331	32
3332	35
3333	42
3334	41
3335	44
3336	33
3337	36
3338	23
3339	38
3340	34
3341	37
3342	38
3343	27
3344	27
3345	29
3346	35
3347	41
3348	44
3349	39
3350	35
3351	35
3352	40
3353	31
3354	39
3355	28
3356	17
3357	28
3358	35
3359	30
3360	24
3361	37
3362	26
3363	28
3364	30
3365	39
3366	35
3367	37
3368	40
3369	23
3370	30
3371	35
3372	29
3373	33
3374	41
3375	37
3376	28
3377	32
3378	33
3379	31
3380	30
3381	39
3382	31
3383	39
3384	33
3385	38
3386	34
3387	30
3388	42
3389	32
3390	31
3391	41
3392	32
3393	41
3394	40
3395	42
3396	27
3397	45
3398	28
3399	42
3400	27
3401	41
3402	31
3403	31
3404	27
3405	37
3406	34
3407	27
3408	43
3409	38
3410	20
3411	18
3412	41
3413	36
3414	28
3415	30
3416	39
3417	29
3418	29
3419	33
3420	31
3421	21
3422	35
3423	38
3424	39
3425	29
3426	34
3427	36
3428	28
3429	34
3430	35
3431	41
3432	26
3433	37
3434	37
3435	29
3436	26
3437	42
3438	24
3439	29
3440	36
3441	27
3442	39
3443	27
3444	37
3445	28
3446	41
3447	33
3448	36
3449	40
3450	26
3451	29
3452	30
3453	41
3454	37
3455	37
3456	32
3457	34
3458	34
3459	35
3460	47
3461	41
3462	34
3463	35
3464	29
3465	32
3466	32
3467	30
3468	44
3469	46
3470	40
3471	41
3472	20
3473	26
3474	31
3475	38
3476	29
3477	46
3478	17
3479	40
3480	39
3481	45
3482	40
3483	25
3484	28
3485	34
3486	31
3487	36
3488	25
3489	40
3490	33
3491	29
3492	30
3493	27
3494	29
3495	21
3496	34
3497	33
3498	30
3499	32
3500	38
3501	37
3502	45
3503	31
3504	33
3505	38
3506	32
3507	41
3508	26
3509	32
3510	36
3511	45
3512	44
3513	40
3514	31
3515	45
3516	38
3517	27
3518	47
3519	30
3520	28
3521	28
3522	41
3523	37
3524	21
3525	29
3526	42
3527	28
3528	27
3529	37
3530	30
3531	33
3532	29
3533	29
3534	30
3535	31
3536	34
3537	33
3538	33
3539	38
3540	37
3541	48
3542	46
3543	34
3544	46
3545	34
3546	33
3547	40
3548	32
3549	31
3550	33
3551	29
3552	35
3553	34
3554	38
3555	38
3556	29
3557	33
3558	31
3559	28
3560	43
3561	31
3562	33
3563	38
3564	32
3565	36
3566	33
3567	32
3568	43
3569	41
3570	28
3571	31
3572	31
3573	29
3574	31
3575	33
3576	32
3577	36
3578	37
3579	44
3580	25
3581	32
3582	33
3583	33
3584	29
3585	34
3586	31
3587	34
3588	35
3589	21
3590	37
3591	33
3592	35
3593	32
3594	42
3595	32
3596	32
3597	33
3598	31
3599	31
3600	35
3601	31
3602	45
3603	32
3604	34
3605	38
3606	34
3607	30
3608	35
3609	32
3610	35
3611	25
3612	30
3613	31
3614	35
3615	41
3616	27
3617	43
3618	33
3619	35
3620	40
3621	34
3622	39
3623	30
3624	37
3625	37
3626	34
3627	33
3628	23
3629	46
3630	40
3631	33
3632	19
3633	31
3634	34
3635	30
3636	34
3637	30
3638	32
3639	35
3640	35
3641	41
3642	33
3643	31
3644	38
3645	42
3646	31
3647	31
3648	30
3649	37
3650	34
3651	31
3652	32
3653	32
3654	36
3655	39
3656	32
3657	34
3658	31
3659	35
3660	41
3661	34
3662	32
3663	31
3664	32
3665	32
3666	31
3667	33
3668	34
3669	40
3670	35
3671	25
3672	32
3673	43
3674	41
3675	41
3676	29
3677	45
3678	33
3679	33
3680	42
3681	37
3682	24
3683	35
3684	34
3685	30
3686	40
3687	43
3688	41
3689	31
3690	31
3691	30
3692	16
3693	39
3694	40
3695	29
3696	33
3697	32
3698	31
3699	40
3700	40
3701	37
3702	28
3703	40
3704	25
3705	31
3706	18
3707	40
3708	27
3709	39
3710	27
3711	30
3712	29
3713	34
3714	30
3715	31
3716	38
3717	18
3718	35
3719	32
3720	15
3721	26
3722	37
3723	30
3724	33
3725	38
3726	39
3727	30
3728	29
3729	27
3730	34
3731	30
3732	32
3733	28
3734	27
3735	32
3736	29
3737	31
3738	31
3739	39
3740	39
3741	29
3742	29
3743	36
3744	30
3745	35
3746	30
3747	36
3748	35
3749	27
3750	28
3751	31
3752	30
3753	29
3754	42
3755	33
3756	41
3757	30
3758	41
3759	37
3760	33
3761	27
3762	34
3763	33
3764	28
3765	30
3766	22
3767	42
3768	35
3769	32
3770	31
3771	28
3772	33
3773	37
3774	15
3775	26
3776	41
3777	34
3778	42
3779	28
3780	35
3781	35
3782	30
3783	25
3784	26
3785	25
3786	16
3787	40
3788	28
3789	37
3790	32
3791	35
3792	33
3793	35
3794	35
3795	26
3796	29
3797	36
3798	30
3799	36
3800	35
3801	29
3802	28
3803	41
3804	37
3805	29
3806	20
3807	28
3808	30
3809	27
3810	29
3811	27
3812	24
3813	13
3814	39
3815	35
3816	29
3817	42
3818	33
3819	33
3820	31
3821	33
3822	29
3823	30
3824	29
3825	31
3826	41
3827	23
3828	31
3829	33
3830	26
3831	39
3832	29
3833	29
3834	24
3835	41
3836	25
3837	35
3838	31
3839	29
3840	31
3841	31
3842	42
3843	31
3844	29
3845	34
3846	8
3847	29
3848	25
3849	45
3850	24
3851	38
3852	27
3853	28
3854	41
3855	25
3856	25
3857	27
3858	26
3859	28
3860	25
3861	26
3862	39
3863	33
3864	32
3865	26
3866	29
3867	24
3868	34
3869	27
3870	20
3871	25
3872	24
3873	25
3874	27
3875	25
3876	26
3877	21
3878	42
3879	21
3880	23
3881	31
3882	23
3883	23
3884	24
3885	28
3886	21
3887	30
3888	22
3889	26
3890	13
3891	29
3892	25
3893	21
3894	24
3895	12
3896	22
3897	30
3898	18
3899	25
3900	38
3901	25
3902	22
3903	23
3904	28
3905	25
3906	22
3907	22
3908	22
3909	17
3910	12
3911	17
3912	15
3913	29
3914	19
3915	25
3916	27
3917	31
3918	27
3919	18
3920	24
3921	30
3922	36
3923	29
3924	22
3925	19
3926	18
3927	25
3928	23
3929	28
3930	22
3931	29
3932	21
3933	18
3934	17
3935	25
3936	24
3937	27
3938	21
3939	19
3940	18
3941	24
3942	17
3943	15
3944	13
3945	25
3946	19
3947	21
3948	29
3949	19
3950	23
3951	26
3952	23
3953	19
3954	20
3955	16
3956	25
3957	18
3958	21
3959	21
3960	21
3961	24
3962	29
3963	25
3964	11
3965	20
3966	13
3967	29
3968	16
3969	12
3970	24
3971	22
3972	12
3973	22
3974	10
3975	23
3976	22
3977	23
3978	11
3979	21
3980	11
3981	22
3982	16
3983	11
3984	11
3985	22
3986	11
3987	16
3988	14
3989	14
3990	21
3991	25
3992	15
3993	14
3994	16
3995	12
3996	14
3997	17
3998	21
0	13
