0	56
1	56
2	55
3	62
4	64
5	67
6	69
7	60
8	67
9	58
10	58
11	67
12	57
13	65
14	66
15	73
16	72
17	67
18	66
19	76
20	70
21	77
22	73
23	73
24	82
25	70
26	62
27	71
28	75
29	73
30	80
31	76
32	71
33	61
34	61
35	85
36	77
37	64
38	85
39	84
40	71
41	78
42	78
43	85
44	64
45	83
46	73
47	91
48	95
49	81
50	72
51	89
52	84
53	86
54	64
55	76
56	83
57	86
58	87
59	75
60	93
61	79
62	89
63	68
64	93
65	82
66	91
67	82
68	102
69	95
70	60
71	71
72	60
73	93
74	92
75	98
76	99
77	74
78	80
79	86
80	93
81	102
82	75
83	84
84	93
85	85
86	70
87	83
88	94
89	95
90	87
91	86
92	92
93	100
94	92
95	91
96	87
97	86
98	100
99	85
100	97
101	85
102	105
103	73
104	75
105	77
106	89
107	85
108	106
109	76
110	102
111	101
112	107
113	108
114	91
115	93
116	53
117	90
118	93
119	74
120	115
121	76
122	108
123	109
124	91
125	100
126	63
127	54
128	100
129	58
130	105
131	115
132	94
133	109
134	117
135	115
136	110
137	71
138	111
139	82
140	119
141	88
142	119
143	119
144	85
145	114
146	69
147	88
148	117
149	92
150	118
151	105
152	67
153	124
154	111
155	83
156	106
157	91
158	63
159	121
160	92
161	70
162	87
163	81
164	88
165	108
166	110
167	52
168	109
169	122
170	82
171	75
172	105
173	102
174	95
175	110
176	113
177	114
178	96
179	105
180	103
181	126
182	109
183	91
184	124
185	128
186	132
187	119
188	130
189	94
190	133
191	126
192	110
193	75
194	78
195	78
196	92
197	50
198	81
199	88
200	117
201	71
202	94
203	102
204	132
205	118
206	79
207	106
208	120
209	110
210	109
211	138
212	123
213	120
214	131
215	118
216	88
217	132
218	116
219	122
220	115
221	118
222	120
223	81
224	135
225	95
226	116
227	125
228	103
229	113
230	110
231	114
232	128
233	133
234	70
235	139
236	96
237	118
238	108
239	140
240	141
241	79
242	144
243	60
244	138
245	71
246	135
247	128
248	136
249	125
250	136
251	142
252	98
253	99
254	86
255	100
256	75
257	110
258	109
259	140
260	100
261	130
262	130
263	137
264	135
265	100
266	139
267	130
268	127
269	118
270	141
271	115
272	139
273	78
274	127
275	136
276	83
277	137
278	91
279	135
280	142
281	129
282	135
283	106
284	130
285	129
286	87
287	130
288	117
289	120
290	128
291	76
292	112
293	120
294	122
295	141
296	130
297	133
298	111
299	130
300	113
301	127
302	134
303	106
304	86
305	101
306	114
307	116
308	105
309	119
310	83
311	138
312	127
313	64
314	103
315	117
316	107
317	76
318	119
319	117
320	136
321	111
322	111
323	133
324	119
325	123
326	78
327	72
328	120
329	73
330	77
331	133
332	135
333	120
334	99
335	105
336	54
337	122
338	144
339	121
340	144
341	143
342	142
343	74
344	79
345	66
346	84
347	140
348	120
349	102
350	109
351	126
352	129
353	124
354	134
355	138
356	140
357	144
358	112
359	108
360	79
361	127
362	77
363	124
364	141
365	143
366	107
367	103
368	101
369	130
370	119
371	94
372	129
373	111
374	115
375	106
376	132
377	124
378	105
379	144
380	98
381	108
382	118
383	140
384	131
385	131
386	136
387	113
388	135
389	104
390	113
391	100
392	114
393	134
394	137
395	148
396	129
397	148
398	112
399	65
400	114
401	116
402	117
403	110
404	70
405	109
406	137
407	133
408	95
409	124
410	68
411	147
412	125
413	127
414	134
415	119
416	129
417	134
418	102
419	69
420	98
421	100
422	83
423	115
424	129
425	128
426	117
427	139
428	145
429	128
430	123
431	143
432	79
433	136
434	121
435	144
436	114
437	118
438	137
439	108
440	130
441	137
442	147
443	113
444	145
445	109
446	71
447	125
448	148
449	126
450	139
451	80
452	79
453	123
454	126
455	100
456	137
457	149
458	78
459	122
460	142
461	135
462	146
463	118
464	148
465	130
466	118
467	81
468	120
469	93
470	127
471	67
472	146
473	149
474	118
475	141
476	116
477	143
478	143
479	85
480	80
481	130
482	115
483	113
484	135
485	137
486	90
487	132
488	119
489	106
490	142
491	66
492	90
493	142
494	132
495	120
496	142
497	81
498	145
499	108
500	146
501	143
502	137
503	119
504	111
505	109
506	146
507	93
508	119
509	111
510	111
511	115
512	110
513	72
514	129
515	147
516	125
517	135
518	96
519	126
520	152
521	137
522	148
523	139
524	97
525	137
526	74
527	72
528	142
529	121
530	121
531	150
532	119
533	121
534	119
535	108
536	135
537	132
538	68
539	137
540	99
541	112
542	129
543	150
544	105
545	108
546	136
547	133
548	140
549	134
550	137
551	140
552	110
553	140
554	141
555	147
556	72
557	118
558	132
559	139
560	121
561	111
562	143
563	109
564	105
565	135
566	141
567	140
568	111
569	147
570	139
571	146
572	136
573	148
574	108
575	113
576	143
577	118
578	139
579	112
580	102
581	122
582	145
583	140
584	89
585	122
586	113
587	141
588	74
589	123
590	144
591	105
592	111
593	110
594	130
595	110
596	115
597	142
598	141
599	135
600	82
601	118
602	104
603	117
604	150
605	133
606	122
607	138
608	145
609	116
610	113
611	100
612	121
613	140
614	82
615	139
616	114
617	114
618	133
619	148
620	113
621	134
622	138
623	72
624	122
625	108
626	120
627	103
628	118
629	117
630	100
631	121
632	78
633	113
634	133
635	118
636	132
637	117
638	146
639	143
640	129
641	121
642	118
643	146
644	145
645	122
646	98
647	120
648	103
649	64
650	135
651	127
652	148
653	120
654	108
655	132
656	138
657	150
658	129
659	136
660	118
661	108
662	148
663	121
664	129
665	71
666	123
667	124
668	117
669	131
670	130
671	112
672	118
673	126
674	119
675	136
676	124
677	135
678	117
679	129
680	111
681	133
682	132
683	129
684	131
685	134
686	141
687	127
688	135
689	147
690	107
691	144
692	143
693	114
694	99
695	132
696	81
697	115
698	119
699	133
700	143
701	124
702	129
703	63
704	122
705	148
706	65
707	135
708	116
709	81
710	115
711	114
712	145
713	83
714	121
715	68
716	130
717	90
718	64
719	123
720	120
721	118
722	129
723	146
724	117
725	122
726	65
727	117
728	141
729	67
730	125
731	102
732	98
733	139
734	116
735	137
736	130
737	138
738	120
739	73
740	95
741	121
742	108
743	119
744	123
745	117
746	122
747	131
748	88
749	119
750	121
751	87
752	134
753	130
754	147
755	137
756	69
757	128
758	138
759	130
760	122
761	138
762	132
763	112
764	122
765	121
766	131
767	120
768	125
769	127
770	136
771	117
772	60
773	134
774	120
775	109
776	147
777	130
778	131
779	124
780	135
781	126
782	127
783	135
784	73
785	138
786	133
787	136
788	123
789	81
790	127
791	137
792	125
793	128
794	68
795	127
796	135
797	124
798	127
799	141
800	132
801	104
802	134
803	138
804	138
805	137
806	56
807	118
808	131
809	137
810	97
811	131
812	133
813	102
814	139
815	95
816	124
817	122
818	138
819	133
820	123
821	130
822	135
823	120
824	125
825	131
826	122
827	135
828	128
829	118
830	116
831	121
832	127
833	135
834	104
835	60
836	137
837	133
838	130
839	106
840	129
841	132
842	138
843	133
844	134
845	133
846	148
847	134
848	127
849	131
850	135
851	131
852	134
853	133
854	132
855	126
856	135
857	127
858	119
859	125
860	129
861	132
862	138
863	132
864	130
865	130
866	125
867	128
868	129
869	131
870	136
871	127
872	132
873	130
874	131
875	129
876	133
877	127
878	134
879	94
880	132
881	138
882	125
883	145
884	130
885	121
886	124
887	132
888	121
889	62
890	142
891	128
892	128
893	86
894	127
895	131
896	128
897	142
898	61
899	129
900	128
901	131
902	132
903	141
904	131
905	126
906	131
907	132
908	128
909	125
910	117
911	122
912	131
913	125
914	131
915	134
916	132
917	132
918	113
919	120
920	130
921	130
922	127
923	101
924	135
925	127
926	134
927	142
928	131
929	113
930	146
931	131
932	145
933	141
934	136
935	140
936	86
937	134
938	95
939	129
940	124
941	130
942	74
943	133
944	143
945	145
946	116
947	126
948	109
949	113
950	126
951	112
952	145
953	126
954	126
955	93
956	145
957	135
958	123
959	130
960	143
961	95
962	124
963	122
964	95
965	139
966	128
967	130
968	130
969	121
970	59
971	138
972	126
973	130
974	128
975	143
976	128
977	129
978	131
979	144
980	106
981	125
982	104
983	123
984	130
985	120
986	137
987	148
988	145
989	126
990	130
991	143
992	129
993	114
994	130
995	92
996	126
997	121
998	128
999	123
1000	116
1001	128
1002	98
1003	134
1004	114
1005	143
1006	128
1007	114
1008	148
1009	134
1010	144
1011	133
1012	115
1013	85
1014	95
1015	129
1016	129
1017	148
1018	134
1019	116
1020	102
1021	118
1022	116
1023	123
1024	126
1025	123
1026	140
1027	126
1028	128
1029	113
1030	56
1031	129
1032	123
1033	144
1034	130
1035	141
1036	90
1037	136
1038	129
1039	107
1040	129
1041	125
1042	114
1043	127
1044	131
1045	131
1046	59
1047	84
1048	136
1049	129
1050	135
1051	124
1052	143
1053	119
1054	133
1055	118
1056	106
1057	123
1058	79
1059	131
1060	133
1061	138
1062	125
1063	123
1064	130
1065	141
1066	137
1067	142
1068	132
1069	129
1070	146
1071	134
1072	119
1073	118
1074	117
1075	144
1076	116
1077	143
1078	127
1079	131
1080	133
1081	120
1082	141
1083	121
1084	144
1085	120
1086	119
1087	133
1088	144
1089	137
1090	85
1091	132
1092	126
1093	125
1094	131
1095	119
1096	130
1097	147
1098	131
1099	124
1100	145
1101	118
1102	136
1103	117
1104	121
1105	118
1106	137
1107	138
1108	124
1109	132
1110	131
1111	136
1112	104
1113	126
1114	58
1115	146
1116	125
1117	143
1118	128
1119	140
1120	143
1121	130
1122	138
1123	141
1124	136
1125	137
1126	137
1127	131
1128	124
1129	109
1130	142
1131	145
1132	140
1133	121
1134	132
1135	64
1136	136
1137	119
1138	119
1139	124
1140	136
1141	120
1142	99
1143	69
1144	116
1145	89
1146	144
1147	121
1148	126
1149	134
1150	124
1151	122
1152	75
1153	127
1154	138
1155	133
1156	135
1157	65
1158	80
1159	134
1160	129
1161	54
1162	131
1163	136
1164	145
1165	139
1166	135
1167	131
1168	128
1169	109
1170	127
1171	138
1172	143
1173	64
1174	128
1175	137
1176	138
1177	77
1178	137
1179	123
1180	135
1181	132
1182	115
1183	138
1184	131
1185	140
1186	133
1187	64
1188	128
1189	114
1190	131
1191	73
1192	119
1193	142
1194	138
1195	126
1196	124
1197	125
1198	90
1199	136
1200	123
1201	134
1202	126
1203	135
1204	126
1205	112
1206	105
1207	144
1208	137
1209	127
1210	138
1211	139
1212	130
1213	82
1214	138
1215	135
1216	135
1217	111
1218	129
1219	116
1220	110
1221	127
1222	127
1223	123
1224	84
1225	131
1226	62
1227	138
1228	127
1229	134
1230	128
1231	121
1232	135
1233	143
1234	136
1235	130
1236	116
1237	110
1238	136
1239	76
1240	138
1241	74
1242	139
1243	141
1244	111
1245	127
1246	124
1247	138
1248	126
1249	141
1250	138
1251	118
1252	130
1253	137
1254	135
1255	126
1256	68
1257	132
1258	135
1259	131
1260	131
1261	62
1262	115
1263	134
1264	113
1265	124
1266	60
1267	131
1268	139
1269	133
1270	139
1271	128
1272	129
1273	130
1274	121
1275	132
1276	123
1277	63
1278	138
1279	135
1280	126
1281	135
1282	118
1283	137
1284	79
1285	108
1286	136
1287	119
1288	140
1289	132
1290	127
1291	116
1292	139
1293	118
1294	84
1295	128
1296	127
1297	137
1298	129
1299	122
1300	59
1301	125
1302	95
1303	111
1304	125
1305	137
1306	129
1307	117
1308	138
1309	124
1310	132
1311	131
1312	141
1313	135
1314	138
1315	132
1316	126
1317	134
1318	116
1319	114
1320	142
1321	70
1322	116
1323	100
1324	113
1325	137
1326	133
1327	133
1328	84
1329	137
1330	134
1331	140
1332	139
1333	130
1334	128
1335	105
1336	134
1337	130
1338	96
1339	143
1340	143
1341	144
1342	138
1343	123
1344	113
1345	119
1346	118
1347	133
1348	132
1349	128
1350	135
1351	87
1352	110
1353	130
1354	140
1355	124
1356	141
1357	134
1358	138
1359	138
1360	138
1361	134
1362	115
1363	143
1364	125
1365	134
1366	138
1367	90
1368	130
1369	135
1370	130
1371	132
1372	72
1373	135
1374	111
1375	110
1376	134
1377	131
1378	127
1379	119
1380	128
1381	140
1382	125
1383	125
1384	134
1385	132
1386	75
1387	140
1388	132
1389	134
1390	120
1391	138
1392	144
1393	133
1394	130
1395	74
1396	125
1397	126
1398	138
1399	132
1400	148
1401	141
1402	120
1403	137
1404	77
1405	140
1406	141
1407	123
1408	134
1409	112
1410	135
1411	119
1412	87
1413	140
1414	133
1415	122
1416	137
1417	75
1418	125
1419	94
1420	141
1421	116
1422	141
1423	80
1424	139
1425	121
1426	125
1427	125
1428	117
1429	142
1430	124
1431	135
1432	130
1433	115
1434	134
1435	135
1436	137
1437	121
1438	87
1439	91
1440	130
1441	129
1442	110
1443	134
1444	136
1445	112
1446	155
1447	121
1448	148
1449	70
1450	133
1451	115
1452	131
1453	137
1454	130
1455	130
1456	124
1457	132
1458	131
1459	127
1460	110
1461	129
1462	132
1463	135
1464	139
1465	89
1466	131
1467	130
1468	155
1469	123
1470	139
1471	132
1472	141
1473	113
1474	135
1475	125
1476	126
1477	126
1478	120
1479	110
1480	110
1481	120
1482	134
1483	137
1484	118
1485	120
1486	138
1487	122
1488	83
1489	138
1490	118
1491	111
1492	121
1493	151
1494	73
1495	68
1496	118
1497	119
1498	123
1499	109
1500	103
1501	146
1502	119
1503	131
1504	132
1505	134
1506	112
1507	126
1508	114
1509	69
1510	70
1511	140
1512	130
1513	145
1514	139
1515	132
1516	118
1517	145
1518	144
1519	124
1520	133
1521	124
1522	124
1523	132
1524	112
1525	129
1526	133
1527	132
1528	116
1529	129
1530	132
1531	135
1532	112
1533	117
1534	137
1535	136
1536	122
1537	132
1538	81
1539	124
1540	139
1541	131
1542	113
1543	136
1544	137
1545	131
1546	132
1547	119
1548	130
1549	137
1550	123
1551	131
1552	134
1553	131
1554	143
1555	123
1556	133
1557	134
1558	113
1559	136
1560	130
1561	138
1562	65
1563	135
1564	135
1565	133
1566	126
1567	131
1568	128
1569	135
1570	135
1571	141
1572	136
1573	137
1574	140
1575	131
1576	138
1577	112
1578	146
1579	147
1580	124
1581	136
1582	119
1583	124
1584	118
1585	113
1586	111
1587	115
1588	125
1589	101
1590	123
1591	133
1592	136
1593	101
1594	147
1595	112
1596	61
1597	122
1598	118
1599	109
1600	120
1601	131
1602	149
1603	135
1604	148
1605	137
1606	127
1607	114
1608	104
1609	130
1610	117
1611	145
1612	143
1613	131
1614	143
1615	128
1616	123
1617	123
1618	136
1619	136
1620	134
1621	121
1622	125
1623	136
1624	121
1625	139
1626	122
1627	139
1628	128
1629	114
1630	144
1631	126
1632	122
1633	138
1634	137
1635	124
1636	119
1637	117
1638	147
1639	117
1640	88
1641	65
1642	123
1643	133
1644	135
1645	117
1646	131
1647	135
1648	123
1649	137
1650	141
1651	119
1652	60
1653	123
1654	114
1655	138
1656	139
1657	135
1658	144
1659	133
1660	132
1661	61
1662	130
1663	121
1664	118
1665	122
1666	113
1667	125
1668	124
1669	135
1670	110
1671	128
1672	133
1673	136
1674	133
1675	138
1676	116
1677	143
1678	114
1679	106
1680	139
1681	133
1682	132
1683	112
1684	120
1685	146
1686	138
1687	134
1688	126
1689	126
1690	138
1691	133
1692	49
1693	143
1694	142
1695	119
1696	131
1697	124
1698	110
1699	126
1700	134
1701	120
1702	121
1703	124
1704	124
1705	141
1706	70
1707	113
1708	132
1709	49
1710	136
1711	129
1712	124
1713	105
1714	146
1715	130
1716	132
1717	145
1718	111
1719	136
1720	130
1721	124
1722	120
1723	130
1724	127
1725	125
1726	128
1727	129
1728	124
1729	137
1730	132
1731	118
1732	134
1733	122
1734	134
1735	135
1736	120
1737	128
1738	121
1739	130
1740	71
1741	121
1742	137
1743	132
1744	49
1745	128
1746	122
1747	140
1748	113
1749	132
1750	135
1751	134
1752	108
1753	147
1754	132
1755	133
1756	127
1757	127
1758	78
1759	139
1760	134
1761	115
1762	120
1763	102
1764	128
1765	121
1766	134
1767	142
1768	124
1769	134
1770	114
1771	138
1772	137
1773	121
1774	129
1775	51
1776	124
1777	148
1778	113
1779	112
1780	42
1781	137
1782	138
1783	78
1784	132
1785	123
1786	129
1787	125
1788	138
1789	115
1790	125
1791	126
1792	118
1793	118
1794	124
1795	125
1796	123
1797	138
1798	134
1799	135
1800	128
1801	129
1802	136
1803	118
1804	139
1805	105
1806	123
1807	147
1808	127
1809	112
1810	127
1811	115
1812	122
1813	89
1814	134
1815	126
1816	147
1817	125
1818	105
1819	116
1820	117
1821	121
1822	143
1823	134
1824	122
1825	121
1826	145
1827	123
1828	79
1829	131
1830	66
1831	122
1832	137
1833	117
1834	124
1835	139
1836	132
1837	78
1838	109
1839	124
1840	144
1841	117
1842	146
1843	139
1844	140
1845	115
1846	122
1847	121
1848	120
1849	134
1850	142
1851	102
1852	132
1853	121
1854	127
1855	134
1856	135
1857	113
1858	123
1859	110
1860	130
1861	124
1862	123
1863	140
1864	122
1865	126
1866	137
1867	137
1868	129
1869	130
1870	81
1871	135
1872	125
1873	133
1874	134
1875	72
1876	132
1877	122
1878	114
1879	128
1880	130
1881	133
1882	121
1883	131
1884	136
1885	130
1886	116
1887	108
1888	78
1889	121
1890	123
1891	128
1892	141
1893	137
1894	120
1895	93
1896	126
1897	130
1898	124
1899	136
1900	128
1901	133
1902	116
1903	131
1904	129
1905	137
1906	122
1907	142
1908	71
1909	138
1910	132
1911	126
1912	135
1913	129
1914	133
1915	109
1916	124
1917	143
1918	142
1919	141
1920	143
1921	70
1922	107
1923	127
1924	98
1925	113
1926	100
1927	133
1928	141
1929	130
1930	69
1931	135
1932	122
1933	124
1934	139
1935	141
1936	122
1937	109
1938	129
1939	134
1940	125
1941	138
1942	138
1943	127
1944	117
1945	115
1946	132
1947	125
1948	87
1949	133
1950	132
1951	128
1952	131
1953	128
1954	125
1955	143
1956	130
1957	137
1958	83
1959	131
1960	131
1961	122
1962	125
1963	120
1964	121
1965	88
1966	122
1967	142
1968	139
1969	118
1970	139
1971	124
1972	117
1973	125
1974	122
1975	127
1976	133
1977	93
1978	126
1979	106
1980	137
1981	129
1982	131
1983	127
1984	135
1985	112
1986	127
1987	124
1988	127
1989	131
1990	133
1991	123
1992	131
1993	137
1994	121
1995	128
1996	126
1997	131
1998	129
1999	120
2000	115
2001	139
2002	130
2003	128
2004	129
2005	108
2006	135
2007	137
2008	129
2009	130
2010	127
2011	133
2012	136
2013	107
2014	135
2015	132
2016	131
2017	143
2018	122
2019	141
2020	130
2021	136
2022	136
2023	144
2024	128
2025	97
2026	135
2027	128
2028	121
2029	130
2030	140
2031	141
2032	127
2033	132
2034	136
2035	130
2036	129
2037	128
2038	132
2039	132
2040	132
2041	133
2042	134
2043	141
2044	134
2045	112
2046	124
2047	133
2048	118
2049	129
2050	113
2051	137
2052	133
2053	142
2054	60
2055	133
2056	82
2057	129
2058	135
2059	145
2060	128
2061	102
2062	114
2063	107
2064	130
2065	137
2066	110
2067	55
2068	123
2069	126
2070	132
2071	125
2072	128
2073	70
2074	77
2075	134
2076	132
2077	129
2078	132
2079	125
2080	139
2081	115
2082	105
2083	137
2084	79
2085	128
2086	137
2087	128
2088	90
2089	126
2090	126
2091	135
2092	127
2093	125
2094	134
2095	97
2096	70
2097	126
2098	76
2099	122
2100	116
2101	95
2102	130
2103	134
2104	135
2105	127
2106	135
2107	122
2108	133
2109	134
2110	127
2111	123
2112	124
2113	130
2114	134
2115	145
2116	129
2117	130
2118	138
2119	122
2120	111
2121	136
2122	132
2123	141
2124	130
2125	113
2126	133
2127	87
2128	135
2129	114
2130	133
2131	129
2132	119
2133	125
2134	139
2135	135
2136	137
2137	130
2138	128
2139	123
2140	130
2141	127
2142	114
2143	130
2144	126
2145	77
2146	122
2147	112
2148	140
2149	141
2150	128
2151	121
2152	125
2153	131
2154	133
2155	130
2156	121
2157	129
2158	131
2159	132
2160	128
2161	96
2162	133
2163	134
2164	138
2165	128
2166	127
2167	131
2168	124
2169	140
2170	126
2171	110
2172	135
2173	140
2174	129
2175	127
2176	129
2177	140
2178	122
2179	138
2180	136
2181	120
2182	84
2183	139
2184	132
2185	145
2186	141
2187	113
2188	131
2189	130
2190	122
2191	131
2192	132
2193	135
2194	109
2195	144
2196	133
2197	134
2198	135
2199	125
2200	133
2201	124
2202	115
2203	130
2204	130
2205	125
2206	122
2207	114
2208	132
2209	132
2210	126
2211	135
2212	127
2213	141
2214	130
2215	65
2216	96
2217	125
2218	132
2219	118
2220	125
2221	143
2222	106
2223	136
2224	145
2225	135
2226	74
2227	124
2228	138
2229	129
2230	130
2231	134
2232	124
2233	91
2234	130
2235	125
2236	126
2237	134
2238	133
2239	125
2240	124
2241	142
2242	147
2243	128
2244	125
2245	126
2246	138
2247	116
2248	129
2249	136
2250	121
2251	78
2252	124
2253	133
2254	57
2255	61
2256	61
2257	118
2258	140
2259	124
2260	141
2261	134
2262	104
2263	128
2264	130
2265	127
2266	138
2267	134
2268	126
2269	125
2270	129
2271	122
2272	132
2273	130
2274	139
2275	123
2276	134
2277	137
2278	122
2279	136
2280	120
2281	132
2282	131
2283	111
2284	138
2285	110
2286	141
2287	107
2288	114
2289	127
2290	126
2291	120
2292	121
2293	78
2294	133
2295	131
2296	134
2297	119
2298	114
2299	121
2300	125
2301	126
2302	137
2303	124
2304	126
2305	61
2306	126
2307	143
2308	144
2309	123
2310	131
2311	139
2312	128
2313	135
2314	126
2315	125
2316	114
2317	88
2318	138
2319	128
2320	127
2321	117
2322	124
2323	124
2324	136
2325	125
2326	137
2327	137
2328	128
2329	128
2330	128
2331	139
2332	145
2333	117
2334	123
2335	125
2336	136
2337	121
2338	125
2339	135
2340	131
2341	139
2342	134
2343	118
2344	127
2345	128
2346	140
2347	141
2348	119
2349	141
2350	76
2351	110
2352	140
2353	128
2354	136
2355	127
2356	113
2357	141
2358	126
2359	137
2360	123
2361	94
2362	123
2363	123
2364	124
2365	143
2366	135
2367	125
2368	145
2369	127
2370	138
2371	126
2372	141
2373	109
2374	130
2375	88
2376	126
2377	134
2378	127
2379	75
2380	143
2381	123
2382	122
2383	129
2384	130
2385	124
2386	91
2387	134
2388	134
2389	130
2390	132
2391	108
2392	67
2393	131
2394	135
2395	133
2396	124
2397	136
2398	141
2399	124
2400	127
2401	122
2402	137
2403	121
2404	136
2405	142
2406	81
2407	81
2408	140
2409	127
2410	140
2411	138
2412	130
2413	125
2414	129
2415	127
2416	127
2417	127
2418	127
2419	130
2420	129
2421	90
2422	135
2423	136
2424	122
2425	136
2426	133
2427	131
2428	123
2429	121
2430	69
2431	127
2432	117
2433	127
2434	130
2435	135
2436	127
2437	130
2438	130
2439	80
2440	132
2441	127
2442	124
2443	125
2444	131
2445	112
2446	134
2447	125
2448	65
2449	133
2450	121
2451	116
2452	135
2453	131
2454	122
2455	128
2456	133
2457	84
2458	121
2459	125
2460	123
2461	126
2462	120
2463	134
2464	101
2465	129
2466	129
2467	74
2468	100
2469	124
2470	125
2471	139
2472	98
2473	119
2474	58
2475	126
2476	125
2477	138
2478	128
2479	123
2480	125
2481	130
2482	125
2483	140
2484	130
2485	133
2486	127
2487	134
2488	125
2489	144
2490	125
2491	133
2492	123
2493	129
2494	133
2495	87
2496	129
2497	131
2498	132
2499	122
2500	93
2501	130
2502	137
2503	123
2504	135
2505	133
2506	120
2507	136
2508	123
2509	122
2510	144
2511	135
2512	132
2513	143
2514	124
2515	106
2516	123
2517	121
2518	134
2519	126
2520	126
2521	126
2522	124
2523	135
2524	133
2525	115
2526	135
2527	116
2528	133
2529	146
2530	135
2531	134
2532	126
2533	55
2534	56
2535	122
2536	132
2537	126
2538	96
2539	134
2540	125
2541	127
2542	143
2543	118
2544	132
2545	128
2546	131
2547	136
2548	138
2549	131
2550	129
2551	122
2552	126
2553	126
2554	128
2555	139
2556	132
2557	139
2558	133
2559	132
2560	131
2561	102
2562	140
2563	136
2564	127
2565	143
2566	131
2567	129
2568	133
2569	132
2570	127
2571	133
2572	133
2573	126
2574	128
2575	130
2576	128
2577	132
2578	130
2579	134
2580	130
2581	132
2582	127
2583	128
2584	133
2585	114
2586	118
2587	132
2588	145
2589	66
2590	120
2591	131
2592	130
2593	137
2594	133
2595	120
2596	93
2597	137
2598	129
2599	131
2600	128
2601	135
2602	131
2603	132
2604	131
2605	131
2606	125
2607	102
2608	101
2609	130
2610	125
2611	134
2612	140
2613	81
2614	100
2615	127
2616	140
2617	134
2618	133
2619	126
2620	141
2621	122
2622	125
2623	139
2624	128
2625	126
2626	122
2627	131
2628	114
2629	116
2630	123
2631	131
2632	130
2633	132
2634	137
2635	137
2636	126
2637	109
2638	131
2639	127
2640	134
2641	127
2642	131
2643	127
2644	129
2645	128
2646	131
2647	135
2648	136
2649	135
2650	136
2651	117
2652	138
2653	121
2654	133
2655	132
2656	96
2657	122
2658	129
2659	121
2660	123
2661	127
2662	125
2663	129
2664	120
2665	101
2666	131
2667	69
2668	131
2669	125
2670	136
2671	131
2672	127
2673	120
2674	73
2675	128
2676	134
2677	120
2678	86
2679	128
2680	124
2681	137
2682	135
2683	135
2684	127
2685	142
2686	133
2687	136
2688	133
2689	126
2690	127
2691	130
2692	141
2693	134
2694	125
2695	133
2696	129
2697	128
2698	125
2699	141
2700	132
2701	131
2702	127
2703	131
2704	122
2705	143
2706	112
2707	131
2708	130
2709	121
2710	126
2711	128
2712	120
2713	122
2714	125
2715	123
2716	129
2717	121
2718	129
2719	127
2720	131
2721	131
2722	119
2723	121
2724	132
2725	132
2726	136
2727	137
2728	86
2729	138
2730	90
2731	121
2732	129
2733	125
2734	123
2735	127
2736	130
2737	133
2738	125
2739	136
2740	126
2741	141
2742	92
2743	107
2744	131
2745	133
2746	123
2747	128
2748	113
2749	131
2750	123
2751	128
2752	134
2753	128
2754	133
2755	135
2756	138
2757	124
2758	124
2759	123
2760	125
2761	132
2762	130
2763	122
2764	117
2765	127
2766	132
2767	124
2768	136
2769	134
2770	120
2771	123
2772	128
2773	133
2774	129
2775	60
2776	125
2777	124
2778	126
2779	127
2780	126
2781	131
2782	123
2783	127
2784	123
2785	128
2786	126
2787	144
2788	125
2789	132
2790	135
2791	128
2792	138
2793	118
2794	125
2795	114
2796	82
2797	132
2798	132
2799	119
2800	115
2801	133
2802	130
2803	138
2804	138
2805	72
2806	130
2807	105
2808	129
2809	124
2810	136
2811	139
2812	123
2813	127
2814	142
2815	143
2816	126
2817	130
2818	141
2819	120
2820	116
2821	124
2822	129
2823	128
2824	87
2825	131
2826	136
2827	87
2828	139
2829	128
2830	132
2831	128
2832	134
2833	128
2834	110
2835	129
2836	125
2837	114
2838	135
2839	128
2840	138
2841	131
2842	121
2843	118
2844	135
2845	133
2846	126
2847	116
2848	126
2849	122
2850	136
2851	120
2852	119
2853	133
2854	142
2855	119
2856	130
2857	128
2858	148
2859	69
2860	126
2861	116
2862	129
2863	126
2864	115
2865	137
2866	128
2867	123
2868	127
2869	73
2870	71
2871	120
2872	128
2873	129
2874	114
2875	123
2876	135
2877	129
2878	126
2879	119
2880	122
2881	126
2882	127
2883	120
2884	132
2885	129
2886	126
2887	126
2888	122
2889	121
2890	137
2891	145
2892	141
2893	122
2894	124
2895	124
2896	113
2897	149
2898	143
2899	126
2900	126
2901	124
2902	127
2903	131
2904	151
2905	131
2906	69
2907	121
2908	124
2909	137
2910	135
2911	125
2912	103
2913	132
2914	116
2915	144
2916	129
2917	113
2918	119
2919	132
2920	121
2921	130
2922	117
2923	116
2924	77
2925	142
2926	139
2927	135
2928	116
2929	98
2930	116
2931	132
2932	128
2933	127
2934	96
2935	129
2936	124
2937	139
2938	128
2939	136
2940	118
2941	128
2942	135
2943	136
2944	119
2945	121
2946	126
2947	126
2948	130
2949	128
2950	140
2951	124
2952	140
2953	128
2954	138
2955	119
2956	118
2957	126
2958	119
2959	118
2960	114
2961	139
2962	129
2963	137
2964	102
2965	115
2966	124
2967	138
2968	120
2969	123
2970	120
2971	113
2972	122
2973	132
2974	118
2975	135
2976	151
2977	117
2978	134
2979	128
2980	142
2981	121
2982	105
2983	126
2984	133
2985	125
2986	126
2987	76
2988	141
2989	139
2990	128
2991	144
2992	104
2993	131
2994	138
2995	125
2996	141
2997	143
2998	139
2999	122
3000	136
3001	143
3002	137
3003	131
3004	112
3005	129
3006	142
3007	90
3008	124
3009	127
3010	126
3011	144
3012	130
3013	127
3014	117
3015	134
3016	125
3017	119
3018	116
3019	116
3020	135
3021	123
3022	111
3023	136
3024	144
3025	146
3026	126
3027	139
3028	127
3029	106
3030	134
3031	71
3032	138
3033	140
3034	128
3035	143
3036	139
3037	142
3038	139
3039	126
3040	134
3041	109
3042	128
3043	125
3044	146
3045	130
3046	124
3047	122
3048	136
3049	127
3050	120
3051	121
3052	121
3053	126
3054	60
3055	129
3056	122
3057	127
3058	91
3059	136
3060	115
3061	118
3062	127
3063	142
3064	127
3065	144
3066	137
3067	140
3068	123
3069	147
3070	130
3071	126
3072	127
3073	126
3074	128
3075	125
3076	150
3077	137
3078	102
3079	126
3080	140
3081	146
3082	148
3083	148
3084	137
3085	122
3086	134
3087	126
3088	121
3089	122
3090	132
3091	126
3092	140
3093	124
3094	152
3095	137
3096	109
3097	122
3098	116
3099	115
3100	137
3101	123
3102	138
3103	118
3104	121
3105	146
3106	133
3107	114
3108	78
3109	135
3110	128
3111	144
3112	112
3113	123
3114	120
3115	129
3116	116
3117	115
3118	148
3119	135
3120	130
3121	134
3122	133
3123	135
3124	132
3125	129
3126	125
3127	131
3128	125
3129	139
3130	124
3131	142
3132	90
3133	130
3134	55
3135	126
3136	127
3137	132
3138	126
3139	59
3140	64
3141	129
3142	142
3143	133
3144	138
3145	123
3146	120
3147	123
3148	134
3149	145
3150	137
3151	112
3152	89
3153	122
3154	144
3155	118
3156	67
3157	124
3158	128
3159	71
3160	126
3161	114
3162	125
3163	121
3164	119
3165	122
3166	119
3167	136
3168	131
3169	141
3170	133
3171	117
3172	134
3173	136
3174	124
3175	126
3176	140
3177	98
3178	127
3179	152
3180	140
3181	126
3182	146
3183	128
3184	116
3185	134
3186	129
3187	143
3188	125
3189	128
3190	132
3191	137
3192	123
3193	127
3194	125
3195	132
3196	57
3197	126
3198	124
3199	133
3200	129
3201	112
3202	127
3203	115
3204	123
3205	124
3206	139
3207	125
3208	67
3209	154
3210	142
3211	119
3212	140
3213	130
3214	117
3215	117
3216	140
3217	130
3218	133
3219	127
3220	125
3221	119
3222	130
3223	137
3224	129
3225	126
3226	121
3227	124
3228	131
3229	102
3230	143
3231	132
3232	129
3233	119
3234	135
3235	144
3236	143
3237	62
3238	89
3239	127
3240	136
3241	139
3242	143
3243	123
3244	137
3245	124
3246	57
3247	117
3248	132
3249	143
3250	126
3251	130
3252	120
3253	56
3254	140
3255	123
3256	139
3257	118
3258	141
3259	125
3260	121
3261	124
3262	131
3263	128
3264	148
3265	126
3266	126
3267	139
3268	94
3269	117
3270	109
3271	134
3272	133
3273	148
3274	116
3275	131
3276	114
3277	146
3278	120
3279	145
3280	132
3281	134
3282	137
3283	81
3284	147
3285	97
3286	109
3287	130
3288	126
3289	89
3290	143
3291	124
3292	142
3293	117
3294	144
3295	128
3296	147
3297	143
3298	143
3299	125
3300	129
3301	140
3302	72
3303	127
3304	129
3305	125
3306	65
3307	139
3308	127
3309	83
3310	102
3311	137
3312	62
3313	131
3314	143
3315	126
3316	132
3317	133
3318	148
3319	142
3320	146
3321	128
3322	118
3323	129
3324	112
3325	128
3326	139
3327	144
3328	116
3329	144
3330	151
3331	147
3332	123
3333	113
3334	110
3335	115
3336	113
3337	118
3338	150
3339	139
3340	148
3341	114
3342	115
3343	143
3344	122
3345	151
3346	65
3347	120
3348	141
3349	126
3350	132
3351	118
3352	143
3353	116
3354	141
3355	127
3356	124
3357	109
3358	147
3359	121
3360	143
3361	138
3362	114
3363	134
3364	129
3365	141
3366	143
3367	125
3368	87
3369	138
3370	122
3371	136
3372	114
3373	137
3374	133
3375	89
3376	142
3377	134
3378	111
3379	122
3380	135
3381	132
3382	60
3383	119
3384	125
3385	143
3386	144
3387	126
3388	128
3389	61
3390	128
3391	122
3392	148
3393	140
3394	120
3395	128
3396	123
3397	146
3398	124
3399	128
3400	130
3401	114
3402	145
3403	146
3404	143
3405	133
3406	137
3407	143
3408	147
3409	126
3410	118
3411	73
3412	121
3413	145
3414	111
3415	56
3416	125
3417	130
3418	145
3419	123
3420	140
3421	57
3422	125
3423	114
3424	144
3425	121
3426	147
3427	132
3428	109
3429	150
3430	109
3431	140
3432	143
3433	144
3434	150
3435	129
3436	116
3437	126
3438	121
3439	129
3440	119
3441	130
3442	125
3443	128
3444	111
3445	140
3446	145
3447	113
3448	135
3449	116
3450	62
3451	151
3452	122
3453	130
3454	139
3455	136
3456	128
3457	152
3458	120
3459	73
3460	125
3461	149
3462	142
3463	156
3464	120
3465	124
3466	125
3467	116
3468	130
3469	142
3470	85
3471	129
3472	124
3473	146
3474	154
3475	113
3476	150
3477	131
3478	142
3479	127
3480	135
3481	123
3482	139
3483	114
3484	127
3485	119
3486	112
3487	128
3488	121
3489	128
3490	143
3491	135
3492	122
3493	127
3494	110
3495	139
3496	121
3497	101
3498	155
3499	152
3500	149
3501	151
3502	138
3503	139
3504	130
3505	137
3506	138
3507	128
3508	118
3509	123
3510	147
3511	144
3512	135
3513	112
3514	158
3515	124
3516	122
3517	120
3518	125
3519	141
3520	152
3521	139
3522	118
3523	146
3524	122
3525	126
3526	119
3527	145
3528	83
3529	151
3530	124
3531	131
3532	119
3533	125
3534	148
3535	122
3536	122
3537	143
3538	128
3539	152
3540	121
3541	126
3542	159
3543	127
3544	72
3545	144
3546	122
3547	108
3548	142
3549	138
3550	142
3551	118
3552	124
3553	68
3554	118
3555	119
3556	120
3557	120
3558	114
3559	122
3560	145
3561	122
3562	138
3563	131
3564	122
3565	119
3566	119
3567	116
3568	119
3569	157
3570	117
3571	76
3572	123
3573	129
3574	120
3575	120
3576	123
3577	151
3578	152
3579	124
3580	154
3581	138
3582	137
3583	120
3584	135
3585	149
3586	144
3587	121
3588	120
3589	129
3590	125
3591	124
3592	127
3593	125
3594	123
3595	135
3596	118
3597	134
3598	130
3599	123
3600	138
3601	123
3602	151
3603	113
3604	86
3605	155
3606	152
3607	123
3608	138
3609	130
3610	132
3611	120
3612	118
3613	123
3614	96
3615	117
3616	74
3617	120
3618	121
3619	92
3620	130
3621	124
3622	117
3623	137
3624	120
3625	118
3626	136
3627	121
3628	119
3629	116
3630	121
3631	123
3632	124
3633	130
3634	135
3635	124
3636	116
3637	79
3638	134
3639	128
3640	149
3641	127
3642	144
3643	133
3644	121
3645	126
3646	130
3647	156
3648	105
3649	126
3650	122
3651	133
3652	122
3653	128
3654	123
3655	135
3656	129
3657	134
3658	134
3659	120
3660	134
3661	146
3662	123
3663	120
3664	123
3665	133
3666	104
3667	109
3668	121
3669	151
3670	119
3671	133
3672	135
3673	119
3674	151
3675	141
3676	160
3677	152
3678	133
3679	121
3680	117
3681	120
3682	128
3683	151
3684	129
3685	118
3686	129
3687	140
3688	136
3689	96
3690	126
3691	155
3692	133
3693	129
3694	118
3695	139
3696	148
3697	118
3698	120
3699	119
3700	121
3701	141
3702	144
3703	130
3704	139
3705	136
3706	136
3707	100
3708	112
3709	124
3710	149
3711	121
3712	79
3713	125
3714	129
3715	129
3716	123
3717	148
3718	145
3719	127
3720	142
3721	148
3722	141
3723	120
3724	127
3725	130
3726	122
3727	128
3728	122
3729	158
3730	120
3731	120
3732	146
3733	118
3734	141
3735	109
3736	124
3737	129
3738	127
3739	84
3740	135
3741	125
3742	121
3743	132
3744	132
3745	110
3746	123
3747	129
3748	125
3749	134
3750	142
3751	82
3752	126
3753	135
3754	134
3755	136
3756	136
3757	128
3758	123
3759	121
3760	118
3761	152
3762	131
3763	148
3764	139
3765	142
3766	125
3767	117
3768	126
3769	150
3770	136
3771	142
3772	123
3773	125
3774	126
3775	98
3776	119
3777	153
3778	132
3779	142
3780	154
3781	134
3782	119
3783	135
3784	128
3785	116
3786	130
3787	151
3788	69
3789	123
3790	129
3791	151
3792	126
3793	133
3794	117
3795	130
3796	127
3797	130
3798	119
3799	135
3800	124
3801	137
3802	133
3803	128
3804	130
3805	138
3806	70
3807	113
3808	147
3809	139
3810	130
3811	120
3812	137
3813	84
3814	130
3815	126
3816	129
3817	124
3818	124
3819	131
3820	143
3821	150
3822	124
3823	125
3824	133
3825	129
3826	117
3827	117
3828	133
3829	133
3830	109
3831	118
3832	142
3833	141
3834	130
3835	127
3836	79
3837	135
3838	125
3839	117
3840	136
3841	129
3842	140
3843	106
3844	136
3845	127
3846	121
3847	99
3848	118
3849	137
3850	128
3851	129
3852	142
3853	159
3854	123
3855	120
3856	165
3857	133
3858	144
3859	134
3860	127
3861	129
3862	142
3863	128
3864	74
3865	129
3866	123
3867	123
3868	127
3869	138
3870	133
3871	123
3872	123
3873	126
3874	134
3875	132
3876	118
3877	116
3878	122
3879	167
3880	123
3881	137
3882	118
3883	126
3884	124
3885	134
3886	128
3887	65
3888	99
3889	128
3890	74
3891	112
3892	116
3893	138
3894	115
3895	112
3896	116
3897	129
3898	123
3899	127
3900	133
3901	121
3902	123
3903	137
3904	127
3905	154
3906	123
3907	121
3908	114
3909	138
3910	129
3911	143
3912	98
3913	133
3914	70
3915	146
3916	136
3917	134
3918	134
3919	126
3920	129
3921	118
3922	127
3923	114
3924	127
3925	133
3926	126
3927	124
3928	84
3929	122
3930	120
3931	128
3932	126
3933	147
3934	139
3935	127
3936	154
3937	119
3938	146
3939	139
3940	133
3941	135
3942	136
3943	122
3944	123
3945	159
3946	119
3947	120
3948	126
3949	118
3950	101
3951	105
3952	129
3953	117
3954	135
3955	119
3956	131
3957	115
3958	90
3959	113
3960	139
3961	65
3962	135
3963	75
3964	128
3965	130
3966	129
3967	94
3968	132
3969	125
3970	120
3971	128
3972	158
3973	126
3974	125
3975	132
3976	137
3977	116
3978	115
3979	141
3980	135
3981	134
3982	129
3983	103
3984	133
3985	133
3986	133
3987	129
3988	123
3989	137
3990	128
3991	114
3992	126
3993	133
3994	117
3995	131
3996	136
3997	74
3998	129
3999	129
4000	131
4001	124
4002	115
4003	114
4004	138
4005	127
4006	124
4007	143
4008	120
4009	128
4010	133
4011	142
4012	96
4013	106
4014	130
4015	119
4016	133
4017	117
4018	137
4019	135
4020	140
4021	118
4022	135
4023	145
4024	112
4025	94
4026	127
4027	105
4028	137
4029	133
4030	131
4031	111
4032	129
4033	128
4034	130
4035	123
4036	122
4037	155
4038	130
4039	137
4040	137
4041	138
4042	111
4043	163
4044	132
4045	101
4046	130
4047	130
4048	161
4049	128
4050	141
4051	128
4052	129
4053	142
4054	136
4055	135
4056	121
4057	114
4058	117
4059	137
4060	120
4061	128
4062	160
4063	132
4064	123
4065	127
4066	142
4067	136
4068	124
4069	140
4070	118
4071	137
4072	128
4073	124
4074	111
4075	138
4076	138
4077	121
4078	126
4079	136
4080	138
4081	140
4082	131
4083	126
4084	134
4085	139
4086	125
4087	138
4088	121
4089	130
4090	142
4091	137
4092	125
4093	159
4094	128
4095	125
4096	125
4097	131
4098	138
4099	123
4100	135
4101	138
4102	103
4103	126
4104	128
4105	130
4106	141
4107	133
4108	119
4109	117
4110	132
4111	120
4112	107
4113	124
4114	123
4115	124
4116	133
4117	128
4118	130
4119	135
4120	126
4121	120
4122	150
4123	128
4124	117
4125	119
4126	123
4127	123
4128	118
4129	123
4130	143
4131	141
4132	121
4133	129
4134	135
4135	116
4136	140
4137	147
4138	139
4139	131
4140	129
4141	75
4142	80
4143	120
4144	121
4145	140
4146	129
4147	135
4148	140
4149	125
4150	158
4151	127
4152	149
4153	133
4154	129
4155	129
4156	123
4157	131
4158	131
4159	151
4160	124
4161	148
4162	137
4163	122
4164	121
4165	119
4166	127
4167	125
4168	137
4169	73
4170	108
4171	120
4172	144
4173	125
4174	143
4175	135
4176	129
4177	136
4178	153
4179	119
4180	161
4181	141
4182	125
4183	140
4184	123
4185	135
4186	127
4187	132
4188	132
4189	116
4190	131
4191	126
4192	125
4193	127
4194	123
4195	96
4196	124
4197	141
4198	121
4199	120
4200	134
4201	126
4202	136
4203	123
4204	135
4205	140
4206	115
4207	125
4208	128
4209	139
4210	124
4211	109
4212	138
4213	146
4214	124
4215	128
4216	147
4217	121
4218	126
4219	129
4220	132
4221	134
4222	123
4223	134
4224	127
4225	97
4226	147
4227	131
4228	76
4229	131
4230	119
4231	124
4232	117
4233	131
4234	117
4235	125
4236	134
4237	110
4238	136
4239	112
4240	136
4241	130
4242	128
4243	114
4244	122
4245	121
4246	126
4247	104
4248	134
4249	128
4250	115
4251	134
4252	129
4253	119
4254	144
4255	115
4256	117
4257	123
4258	79
4259	146
4260	130
4261	116
4262	101
4263	119
4264	138
4265	126
4266	155
4267	126
4268	128
4269	116
4270	132
4271	126
4272	137
4273	105
4274	132
4275	128
4276	124
4277	117
4278	140
4279	117
4280	122
4281	129
4282	118
4283	121
4284	132
4285	144
4286	127
4287	126
4288	91
4289	118
4290	127
4291	144
4292	124
4293	120
4294	117
4295	119
4296	137
4297	124
4298	126
4299	128
4300	123
4301	83
4302	123
4303	68
4304	125
4305	126
4306	70
4307	118
4308	127
4309	139
4310	138
4311	125
4312	120
4313	129
4314	132
4315	119
4316	123
4317	118
4318	152
4319	118
4320	123
4321	124
4322	139
4323	149
4324	123
4325	82
4326	80
4327	118
4328	84
4329	123
4330	121
4331	82
4332	130
4333	123
4334	149
4335	126
4336	132
4337	129
4338	127
4339	118
4340	141
4341	128
4342	70
4343	144
4344	121
4345	130
4346	140
4347	133
4348	136
4349	113
4350	122
4351	114
4352	120
4353	124
4354	150
4355	122
4356	149
4357	121
4358	124
4359	119
4360	125
4361	146
4362	133
4363	118
4364	118
4365	132
4366	66
4367	123
4368	128
4369	117
4370	127
4371	114
4372	136
4373	117
4374	128
4375	126
4376	122
4377	136
4378	120
4379	125
4380	138
4381	136
4382	107
4383	140
4384	133
4385	128
4386	128
4387	129
4388	142
4389	123
4390	127
4391	129
4392	120
4393	82
4394	121
4395	124
4396	123
4397	124
4398	138
4399	127
4400	121
4401	126
4402	120
4403	139
4404	149
4405	145
4406	122
4407	130
4408	138
4409	126
4410	122
4411	96
4412	129
4413	133
4414	110
4415	147
4416	125
4417	144
4418	121
4419	67
4420	129
4421	133
4422	132
4423	121
4424	131
4425	122
4426	137
4427	127
4428	123
4429	118
4430	141
4431	118
4432	89
4433	115
4434	130
4435	129
4436	131
4437	127
4438	136
4439	128
4440	117
4441	115
4442	131
4443	68
4444	126
4445	105
4446	118
4447	143
4448	130
4449	131
4450	128
4451	125
4452	125
4453	123
4454	130
4455	139
4456	131
4457	145
4458	117
4459	122
4460	122
4461	131
4462	150
4463	135
4464	134
4465	138
4466	124
4467	133
4468	123
4469	126
4470	130
4471	128
4472	122
4473	122
4474	118
4475	124
4476	122
4477	124
4478	120
4479	119
4480	85
4481	121
4482	138
4483	71
4484	118
4485	125
4486	124
4487	131
4488	129
4489	124
4490	124
4491	142
4492	141
4493	137
4494	138
4495	124
4496	122
4497	146
4498	128
4499	142
4500	72
4501	126
4502	135
4503	129
4504	119
4505	145
4506	134
4507	120
4508	141
4509	126
4510	128
4511	121
4512	88
4513	118
4514	118
4515	142
4516	127
4517	126
4518	129
4519	128
4520	95
4521	125
4522	120
4523	120
4524	126
4525	129
4526	119
4527	105
4528	117
4529	118
4530	123
4531	130
4532	123
4533	128
4534	120
4535	120
4536	132
4537	139
4538	136
4539	126
4540	109
4541	105
4542	131
4543	116
4544	138
4545	115
4546	95
4547	125
4548	123
4549	112
4550	126
4551	132
4552	72
4553	59
4554	132
4555	141
4556	123
4557	127
4558	126
4559	127
4560	118
4561	117
4562	135
4563	138
4564	119
4565	147
4566	116
4567	143
4568	117
4569	124
4570	129
4571	123
4572	125
4573	136
4574	129
4575	126
4576	123
4577	114
4578	125
4579	122
4580	131
4581	118
4582	144
4583	77
4584	131
4585	118
4586	121
4587	119
4588	92
4589	129
4590	121
4591	132
4592	115
4593	135
4594	130
4595	144
4596	118
4597	84
4598	121
4599	124
4600	65
4601	118
4602	129
4603	119
4604	89
4605	128
4606	106
4607	119
4608	127
4609	136
4610	116
4611	124
4612	127
4613	121
4614	78
4615	74
4616	140
4617	138
4618	122
4619	124
4620	115
4621	122
4622	122
4623	125
4624	121
4625	144
4626	136
4627	117
4628	126
4629	121
4630	113
4631	117
4632	119
4633	136
4634	123
4635	129
4636	123
4637	135
4638	119
4639	117
4640	120
4641	120
4642	77
4643	105
4644	141
4645	118
4646	125
4647	56
4648	133
4649	110
4650	120
4651	121
4652	124
4653	124
4654	121
4655	118
4656	127
4657	144
4658	131
4659	123
4660	121
4661	138
4662	118
4663	118
4664	120
4665	133
4666	135
4667	122
4668	131
4669	120
4670	123
4671	134
4672	134
4673	124
4674	129
4675	133
4676	73
4677	125
4678	123
4679	124
4680	120
4681	121
4682	133
4683	127
4684	123
4685	116
4686	122
4687	121
4688	134
4689	119
4690	117
4691	104
4692	122
4693	134
4694	116
4695	58
4696	136
4697	126
4698	106
4699	133
4700	135
4701	120
4702	125
4703	137
4704	128
4705	109
4706	126
4707	134
4708	119
4709	135
4710	103
4711	127
4712	122
4713	122
4714	127
4715	124
4716	127
4717	123
4718	120
4719	124
4720	111
4721	139
4722	135
4723	128
4724	120
4725	90
4726	126
4727	121
4728	130
4729	124
4730	107
4731	127
4732	114
4733	130
4734	139
4735	119
4736	128
4737	121
4738	123
4739	118
4740	110
4741	90
4742	111
4743	107
4744	110
4745	130
4746	120
4747	119
4748	126
4749	123
4750	119
4751	124
4752	126
4753	138
4754	118
4755	113
4756	124
4757	124
4758	126
4759	125
4760	117
4761	132
4762	128
4763	125
4764	107
4765	123
4766	114
4767	121
4768	126
4769	122
4770	134
4771	124
4772	139
4773	114
4774	117
4775	72
4776	115
4777	117
4778	111
4779	117
4780	110
4781	127
4782	121
4783	119
4784	116
4785	105
4786	125
4787	115
4788	131
4789	113
4790	75
4791	120
4792	127
4793	123
4794	93
4795	116
4796	113
4797	114
4798	125
4799	140
4800	129
4801	131
4802	129
4803	123
4804	116
4805	112
4806	121
4807	111
4808	120
4809	111
4810	139
4811	97
4812	133
4813	127
4814	119
4815	132
4816	112
4817	114
4818	117
4819	67
4820	128
4821	107
4822	128
4823	126
4824	86
4825	79
4826	129
4827	117
4828	126
4829	129
4830	120
4831	126
4832	118
4833	130
4834	132
4835	137
4836	123
4837	119
4838	111
4839	116
4840	129
4841	115
4842	126
4843	135
4844	112
4845	119
4846	110
4847	116
4848	115
4849	114
4850	133
4851	124
4852	113
4853	117
4854	128
4855	134
4856	117
4857	120
4858	119
4859	125
4860	113
4861	115
4862	132
4863	124
4864	118
4865	114
4866	115
4867	113
4868	111
4869	115
4870	121
4871	122
4872	126
4873	119
4874	122
4875	133
4876	114
4877	125
4878	105
4879	133
4880	114
4881	113
4882	121
4883	116
4884	118
4885	122
4886	116
4887	122
4888	126
4889	117
4890	130
4891	128
4892	120
4893	118
4894	116
4895	125
4896	82
4897	119
4898	118
4899	133
4900	127
4901	117
4902	118
4903	124
4904	117
4905	134
4906	122
4907	127
4908	121
4909	110
4910	137
4911	122
4912	122
4913	130
4914	60
4915	116
4916	136
4917	114
4918	122
4919	117
4920	134
4921	119
4922	112
4923	78
4924	132
4925	118
4926	112
4927	123
4928	116
4929	117
4930	115
4931	133
4932	116
4933	132
4934	129
4935	117
4936	134
4937	121
4938	107
4939	80
4940	120
4941	122
4942	130
4943	117
4944	113
4945	65
4946	121
4947	126
4948	111
4949	139
4950	132
4951	133
4952	132
4953	114
4954	114
4955	117
4956	107
4957	112
4958	122
4959	114
4960	117
4961	104
4962	115
4963	99
4964	129
4965	111
4966	75
4967	113
4968	121
4969	114
4970	108
4971	127
4972	117
4973	66
4974	122
4975	128
4976	59
4977	131
4978	115
4979	122
4980	124
4981	109
4982	124
4983	114
4984	116
4985	108
4986	112
4987	125
4988	134
4989	139
4990	129
4991	126
4992	140
4993	111
4994	124
4995	130
4996	114
4997	86
4998	121
4999	117
5000	112
5001	121
5002	116
5003	138
5004	113
5005	127
5006	122
5007	115
5008	131
5009	116
5010	109
5011	130
5012	128
5013	131
5014	109
5015	118
5016	116
5017	128
5018	111
5019	139
5020	127
5021	113
5022	99
5023	124
5024	134
5025	123
5026	112
5027	67
5028	118
5029	133
5030	124
5031	111
5032	116
5033	122
5034	125
5035	127
5036	113
5037	127
5038	123
5039	133
5040	129
5041	108
5042	127
5043	130
5044	110
5045	110
5046	108
5047	116
5048	110
5049	118
5050	66
5051	116
5052	66
5053	107
5054	113
5055	113
5056	114
5057	133
5058	145
5059	106
5060	127
5061	129
5062	130
5063	119
5064	118
5065	127
5066	87
5067	140
5068	74
5069	127
5070	119
5071	120
5072	119
5073	111
5074	114
5075	112
5076	92
5077	142
5078	113
5079	128
5080	105
5081	136
5082	113
5083	128
5084	109
5085	114
5086	76
5087	112
5088	111
5089	130
5090	118
5091	74
5092	110
5093	111
5094	128
5095	118
5096	137
5097	131
5098	119
5099	131
5100	115
5101	115
5102	129
5103	120
5104	69
5105	126
5106	121
5107	107
5108	108
5109	114
5110	120
5111	134
5112	108
5113	125
5114	115
5115	123
5116	69
5117	118
5118	118
5119	129
5120	137
5121	117
5122	122
5123	122
5124	132
5125	115
5126	110
5127	115
5128	74
5129	128
5130	139
5131	78
5132	124
5133	99
5134	117
5135	121
5136	115
5137	117
5138	112
5139	147
5140	64
5141	112
5142	129
5143	107
5144	127
5145	109
5146	115
5147	126
5148	116
5149	91
5150	112
5151	110
5152	103
5153	101
5154	130
5155	120
5156	112
5157	116
5158	104
5159	135
5160	137
5161	141
5162	120
5163	140
5164	133
5165	114
5166	123
5167	120
5168	110
5169	122
5170	118
5171	132
5172	118
5173	111
5174	131
5175	139
5176	136
5177	111
5178	115
5179	140
5180	132
5181	123
5182	96
5183	74
5184	129
5185	134
5186	133
5187	107
5188	147
5189	122
5190	138
5191	141
5192	128
5193	133
5194	119
5195	125
5196	137
5197	127
5198	127
5199	131
5200	126
5201	128
5202	119
5203	109
5204	144
5205	110
5206	131
5207	136
5208	112
5209	112
5210	118
5211	115
5212	116
5213	108
5214	124
5215	81
5216	132
5217	121
5218	124
5219	113
5220	126
5221	135
5222	125
5223	127
5224	139
5225	119
5226	128
5227	85
5228	111
5229	110
5230	70
5231	111
5232	138
5233	121
5234	141
5235	117
5236	113
5237	116
5238	137
5239	124
5240	134
5241	141
5242	105
5243	87
5244	87
5245	111
5246	133
5247	121
5248	115
5249	125
5250	112
5251	118
5252	112
5253	111
5254	64
5255	106
5256	113
5257	114
5258	114
5259	63
5260	89
5261	136
5262	117
5263	130
5264	131
5265	120
5266	120
5267	135
5268	134
5269	74
5270	139
5271	117
5272	141
5273	133
5274	114
5275	136
5276	127
5277	113
5278	118
5279	120
5280	138
5281	117
5282	128
5283	104
5284	130
5285	129
5286	108
5287	130
5288	82
5289	118
5290	110
5291	149
5292	116
5293	128
5294	112
5295	134
5296	117
5297	117
5298	122
5299	98
5300	92
5301	138
5302	130
5303	101
5304	116
5305	127
5306	128
5307	116
5308	72
5309	127
5310	133
5311	128
5312	74
5313	108
5314	113
5315	127
5316	113
5317	128
5318	113
5319	114
5320	122
5321	114
5322	125
5323	114
5324	129
5325	112
5326	132
5327	131
5328	115
5329	78
5330	121
5331	131
5332	114
5333	115
5334	120
5335	114
5336	117
5337	126
5338	111
5339	104
5340	114
5341	114
5342	146
5343	104
5344	126
5345	146
5346	111
5347	114
5348	130
5349	121
5350	144
5351	122
5352	130
5353	108
5354	119
5355	132
5356	127
5357	119
5358	116
5359	119
5360	141
5361	133
5362	112
5363	66
5364	112
5365	118
5366	121
5367	114
5368	114
5369	115
5370	120
5371	112
5372	146
5373	112
5374	112
5375	139
5376	135
5377	118
5378	113
5379	127
5380	130
5381	132
5382	114
5383	118
5384	119
5385	116
5386	121
5387	114
5388	113
5389	102
5390	102
5391	122
5392	145
5393	124
5394	118
5395	118
5396	123
5397	110
5398	104
5399	107
5400	105
5401	119
5402	114
5403	115
5404	122
5405	107
5406	125
5407	109
5408	132
5409	131
5410	119
5411	121
5412	133
5413	141
5414	118
5415	121
5416	121
5417	115
5418	132
5419	132
5420	103
5421	135
5422	115
5423	133
5424	124
5425	125
5426	134
5427	143
5428	128
5429	122
5430	110
5431	132
5432	117
5433	130
5434	135
5435	125
5436	114
5437	140
5438	127
5439	125
5440	131
5441	124
5442	142
5443	137
5444	106
5445	117
5446	110
5447	133
5448	118
5449	125
5450	120
5451	145
5452	140
5453	129
5454	112
5455	143
5456	113
5457	121
5458	121
5459	119
5460	132
5461	127
5462	107
5463	96
5464	146
5465	146
5466	130
5467	111
5468	115
5469	119
5470	135
5471	115
5472	104
5473	81
5474	131
5475	145
5476	119
5477	89
5478	135
5479	118
5480	133
5481	105
5482	130
5483	88
5484	127
5485	116
5486	125
5487	135
5488	129
5489	98
5490	133
5491	135
5492	138
5493	133
5494	118
5495	117
5496	136
5497	114
5498	139
5499	93
5500	139
5501	109
5502	125
5503	137
5504	149
5505	125
5506	103
5507	131
5508	115
5509	112
5510	133
5511	143
5512	91
5513	138
5514	140
5515	138
5516	127
5517	113
5518	126
5519	103
5520	124
5521	58
5522	147
5523	130
5524	140
5525	121
5526	107
5527	139
5528	117
5529	99
5530	114
5531	129
5532	133
5533	133
5534	143
5535	121
5536	137
5537	139
5538	127
5539	140
5540	129
5541	109
5542	97
5543	138
5544	120
5545	140
5546	130
5547	141
5548	121
5549	102
5550	123
5551	118
5552	121
5553	141
5554	126
5555	86
5556	135
5557	119
5558	119
5559	120
5560	136
5561	107
5562	59
5563	125
5564	139
5565	142
5566	110
5567	115
5568	111
5569	125
5570	124
5571	125
5572	142
5573	142
5574	134
5575	135
5576	113
5577	125
5578	103
5579	133
5580	119
5581	125
5582	110
5583	143
5584	122
5585	130
5586	122
5587	107
5588	130
5589	131
5590	130
5591	141
5592	136
5593	114
5594	109
5595	115
5596	120
5597	115
5598	59
5599	138
5600	112
5601	135
5602	133
5603	91
5604	128
5605	83
5606	145
5607	134
5608	125
5609	133
5610	117
5611	119
5612	116
5613	124
5614	123
5615	135
5616	133
5617	125
5618	87
5619	137
5620	139
5621	140
5622	126
5623	115
5624	145
5625	121
5626	118
5627	102
5628	109
5629	125
5630	111
5631	110
5632	99
5633	108
5634	112
5635	117
5636	96
5637	108
5638	126
5639	144
5640	126
5641	142
5642	141
5643	139
5644	112
5645	114
5646	127
5647	137
5648	74
5649	143
5650	129
5651	126
5652	130
5653	113
5654	106
5655	126
5656	135
5657	116
5658	80
5659	110
5660	118
5661	114
5662	121
5663	135
5664	119
5665	125
5666	121
5667	121
5668	130
5669	136
5670	126
5671	114
5672	120
5673	115
5674	118
5675	89
5676	108
5677	120
5678	111
5679	123
5680	132
5681	140
5682	115
5683	131
5684	132
5685	135
5686	131
5687	122
5688	86
5689	123
5690	135
5691	107
5692	107
5693	138
5694	127
5695	92
5696	131
5697	113
5698	137
5699	141
5700	135
5701	137
5702	136
5703	134
5704	113
5705	121
5706	119
5707	135
5708	124
5709	137
5710	142
5711	138
5712	133
5713	134
5714	132
5715	139
5716	129
5717	89
5718	111
5719	117
5720	82
5721	139
5722	132
5723	139
5724	131
5725	129
5726	134
5727	140
5728	116
5729	117
5730	125
5731	97
5732	130
5733	141
5734	133
5735	120
5736	142
5737	119
5738	125
5739	107
5740	136
5741	75
5742	123
5743	139
5744	131
5745	142
5746	139
5747	115
5748	113
5749	115
5750	136
5751	138
5752	119
5753	127
5754	139
5755	118
5756	145
5757	139
5758	124
5759	137
5760	133
5761	116
5762	110
5763	76
5764	117
5765	123
5766	99
5767	139
5768	106
5769	122
5770	77
5771	133
5772	133
5773	124
5774	136
5775	129
5776	144
5777	134
5778	128
5779	137
5780	104
5781	111
5782	125
5783	139
5784	134
5785	111
5786	91
5787	69
5788	121
5789	139
5790	134
5791	138
5792	112
5793	130
5794	113
5795	132
5796	123
5797	132
5798	140
5799	109
5800	129
5801	130
5802	132
5803	142
5804	125
5805	131
5806	121
5807	136
5808	130
5809	106
5810	122
5811	143
5812	113
5813	146
5814	133
5815	123
5816	108
5817	141
5818	137
5819	121
5820	126
5821	137
5822	106
5823	120
5824	128
5825	66
5826	128
5827	123
5828	125
5829	126
5830	133
5831	137
5832	143
5833	90
5834	123
5835	141
5836	132
5837	124
5838	88
5839	124
5840	151
5841	139
5842	144
5843	112
5844	140
5845	130
5846	147
5847	114
5848	135
5849	77
5850	132
5851	120
5852	83
5853	120
5854	113
5855	135
5856	126
5857	103
5858	120
5859	142
5860	112
5861	141
5862	138
5863	75
5864	122
5865	78
5866	141
5867	120
5868	135
5869	71
5870	147
5871	138
5872	137
5873	145
5874	86
5875	122
5876	107
5877	103
5878	132
5879	119
5880	121
5881	57
5882	76
5883	145
5884	124
5885	132
5886	134
5887	120
5888	81
5889	73
5890	136
5891	127
5892	128
5893	140
5894	140
5895	136
5896	82
5897	123
5898	112
5899	140
5900	83
5901	119
5902	122
5903	113
5904	141
5905	131
5906	129
5907	133
5908	138
5909	127
5910	132
5911	137
5912	136
5913	75
5914	87
5915	150
5916	87
5917	61
5918	151
5919	144
5920	149
5921	110
5922	138
5923	122
5924	110
5925	147
5926	131
5927	143
5928	121
5929	136
5930	136
5931	80
5932	135
5933	137
5934	154
5935	142
5936	129
5937	104
5938	122
5939	151
5940	120
5941	106
5942	141
5943	82
5944	116
5945	110
5946	145
5947	102
5948	126
5949	142
5950	124
5951	129
5952	118
5953	134
5954	114
5955	134
5956	113
5957	105
5958	117
5959	78
5960	152
5961	130
5962	151
5963	125
5964	132
5965	125
5966	142
5967	122
5968	116
5969	112
5970	140
5971	116
5972	120
5973	89
5974	145
5975	115
5976	119
5977	101
5978	157
5979	113
5980	123
5981	134
5982	151
5983	124
5984	124
5985	116
5986	121
5987	137
5988	142
5989	129
5990	108
5991	135
5992	114
5993	145
5994	130
5995	141
5996	134
5997	126
5998	73
5999	137
6000	138
6001	136
6002	152
6003	110
6004	130
6005	147
6006	125
6007	91
6008	133
6009	113
6010	132
6011	116
6012	126
6013	131
6014	134
6015	139
6016	141
6017	149
6018	132
6019	118
6020	122
6021	119
6022	126
6023	108
6024	142
6025	123
6026	133
6027	145
6028	114
6029	112
6030	116
6031	138
6032	152
6033	140
6034	138
6035	148
6036	117
6037	142
6038	137
6039	128
6040	142
6041	122
6042	140
6043	128
6044	116
6045	147
6046	114
6047	147
6048	122
6049	154
6050	142
6051	132
6052	123
6053	139
6054	148
6055	153
6056	137
6057	120
6058	131
6059	99
6060	126
6061	118
6062	127
6063	142
6064	121
6065	116
6066	106
6067	119
6068	127
6069	123
6070	126
6071	112
6072	140
6073	133
6074	140
6075	111
6076	139
6077	117
6078	128
6079	145
6080	119
6081	138
6082	131
6083	133
6084	145
6085	150
6086	154
6087	140
6088	116
6089	132
6090	151
6091	135
6092	153
6093	152
6094	119
6095	69
6096	138
6097	155
6098	96
6099	128
6100	135
6101	126
6102	116
6103	107
6104	105
6105	139
6106	122
6107	137
6108	108
6109	110
6110	125
6111	121
6112	125
6113	123
6114	155
6115	144
6116	141
6117	144
6118	118
6119	143
6120	155
6121	150
6122	142
6123	139
6124	140
6125	127
6126	151
6127	97
6128	135
6129	124
6130	140
6131	144
6132	128
6133	124
6134	137
6135	138
6136	147
6137	113
6138	117
6139	147
6140	127
6141	153
6142	129
6143	133
6144	123
6145	104
6146	127
6147	145
6148	113
6149	150
6150	134
6151	136
6152	151
6153	138
6154	140
6155	151
6156	127
6157	144
6158	149
6159	101
6160	151
6161	135
6162	116
6163	131
6164	121
6165	140
6166	146
6167	130
6168	127
6169	154
6170	141
6171	118
6172	122
6173	115
6174	72
6175	117
6176	129
6177	129
6178	139
6179	135
6180	123
6181	120
6182	106
6183	142
6184	69
6185	105
6186	128
6187	128
6188	142
6189	153
6190	113
6191	123
6192	103
6193	118
6194	61
6195	156
6196	129
6197	131
6198	131
6199	120
6200	116
6201	157
6202	131
6203	133
6204	130
6205	134
6206	141
6207	148
6208	134
6209	124
6210	128
6211	122
6212	77
6213	113
6214	149
6215	158
6216	119
6217	152
6218	151
6219	123
6220	120
6221	122
6222	124
6223	136
6224	113
6225	150
6226	108
6227	129
6228	147
6229	116
6230	126
6231	117
6232	152
6233	120
6234	69
6235	123
6236	119
6237	131
6238	100
6239	129
6240	135
6241	120
6242	134
6243	122
6244	123
6245	149
6246	119
6247	135
6248	115
6249	127
6250	119
6251	117
6252	148
6253	120
6254	152
6255	110
6256	135
6257	133
6258	126
6259	120
6260	115
6261	118
6262	125
6263	131
6264	105
6265	92
6266	148
6267	135
6268	76
6269	122
6270	114
6271	104
6272	77
6273	118
6274	115
6275	124
6276	119
6277	120
6278	148
6279	127
6280	83
6281	97
6282	146
6283	119
6284	151
6285	132
6286	110
6287	133
6288	124
6289	120
6290	122
6291	117
6292	142
6293	135
6294	120
6295	118
6296	119
6297	126
6298	102
6299	118
6300	114
6301	124
6302	133
6303	147
6304	145
6305	84
6306	112
6307	65
6308	114
6309	149
6310	142
6311	148
6312	129
6313	144
6314	148
6315	125
6316	124
6317	121
6318	124
6319	148
6320	136
6321	150
6322	129
6323	145
6324	135
6325	114
6326	142
6327	144
6328	148
6329	124
6330	135
6331	125
6332	114
6333	112
6334	128
6335	109
6336	117
6337	149
6338	123
6339	107
6340	84
6341	132
6342	109
6343	121
6344	114
6345	114
6346	129
6347	128
6348	122
6349	124
6350	121
6351	112
6352	103
6353	69
6354	93
6355	120
6356	131
6357	143
6358	135
6359	107
6360	137
6361	138
6362	127
6363	137
6364	110
6365	147
6366	96
6367	125
6368	76
6369	134
6370	137
6371	116
6372	68
6373	109
6374	136
6375	130
6376	115
6377	125
6378	128
6379	134
6380	136
6381	142
6382	122
6383	142
6384	159
6385	125
6386	127
6387	146
6388	140
6389	142
6390	139
6391	126
6392	142
6393	101
6394	129
6395	144
6396	140
6397	108
6398	126
6399	121
6400	138
6401	133
6402	117
6403	109
6404	127
6405	125
6406	134
6407	124
6408	134
6409	125
6410	153
6411	73
6412	147
6413	98
6414	86
6415	103
6416	119
6417	125
6418	112
6419	156
6420	132
6421	118
6422	115
6423	112
6424	86
6425	121
6426	120
6427	138
6428	118
6429	120
6430	108
6431	136
6432	144
6433	105
6434	155
6435	117
6436	119
6437	126
6438	118
6439	123
6440	126
6441	133
6442	127
6443	136
6444	120
6445	126
6446	102
6447	129
6448	131
6449	116
6450	124
6451	101
6452	130
6453	103
6454	121
6455	132
6456	105
6457	133
6458	69
6459	139
6460	115
6461	148
6462	72
6463	120
6464	159
6465	126
6466	102
6467	115
6468	108
6469	129
6470	116
6471	142
6472	146
6473	119
6474	109
6475	132
6476	118
6477	63
6478	154
6479	121
6480	123
6481	115
6482	124
6483	104
6484	115
6485	84
6486	72
6487	166
6488	71
6489	128
6490	103
6491	119
6492	133
6493	150
6494	118
6495	114
6496	111
6497	123
6498	119
6499	112
6500	139
6501	128
6502	127
6503	121
6504	106
6505	114
6506	116
6507	124
6508	116
6509	138
6510	121
6511	117
6512	116
6513	140
6514	121
6515	121
6516	114
6517	121
6518	109
6519	133
6520	104
6521	104
6522	72
6523	129
6524	115
6525	121
6526	136
6527	108
6528	124
6529	137
6530	121
6531	99
6532	142
6533	131
6534	123
6535	139
6536	121
6537	108
6538	139
6539	128
6540	109
6541	105
6542	118
6543	108
6544	95
6545	136
6546	112
6547	116
6548	145
6549	124
6550	138
6551	123
6552	128
6553	158
6554	141
6555	139
6556	103
6557	112
6558	119
6559	119
6560	116
6561	143
6562	137
6563	153
6564	139
6565	118
6566	103
6567	136
6568	121
6569	114
6570	112
6571	71
6572	77
6573	129
6574	107
6575	98
6576	108
6577	124
6578	127
6579	128
6580	100
6581	136
6582	112
6583	135
6584	151
6585	141
6586	129
6587	132
6588	118
6589	121
6590	125
6591	137
6592	124
6593	94
6594	111
6595	119
6596	143
6597	136
6598	104
6599	119
6600	111
6601	131
6602	117
6603	117
6604	115
6605	122
6606	120
6607	102
6608	101
6609	110
6610	137
6611	134
6612	116
6613	111
6614	116
6615	120
6616	123
6617	132
6618	118
6619	132
6620	126
6621	116
6622	125
6623	138
6624	114
6625	117
6626	127
6627	121
6628	93
6629	119
6630	120
6631	128
6632	149
6633	72
6634	118
6635	132
6636	106
6637	137
6638	118
6639	94
6640	110
6641	137
6642	126
6643	118
6644	91
6645	128
6646	123
6647	106
6648	103
6649	116
6650	123
6651	111
6652	113
6653	113
6654	84
6655	116
6656	117
6657	135
6658	112
6659	119
6660	62
6661	113
6662	119
6663	122
6664	137
6665	79
6666	112
6667	100
6668	137
6669	95
6670	116
6671	111
6672	141
6673	121
6674	112
6675	116
6676	129
6677	73
6678	122
6679	127
6680	130
6681	118
6682	119
6683	137
6684	116
6685	146
6686	144
6687	122
6688	108
6689	142
6690	112
6691	119
6692	128
6693	122
6694	130
6695	99
6696	129
6697	140
6698	114
6699	141
6700	124
6701	120
6702	128
6703	115
6704	117
6705	113
6706	118
6707	77
6708	140
6709	129
6710	137
6711	78
6712	120
6713	124
6714	92
6715	121
6716	108
6717	126
6718	123
6719	137
6720	141
6721	109
6722	131
6723	131
6724	125
6725	98
6726	135
6727	112
6728	89
6729	134
6730	120
6731	132
6732	103
6733	121
6734	125
6735	134
6736	125
6737	88
6738	137
6739	123
6740	120
6741	132
6742	113
6743	98
6744	138
6745	111
6746	114
6747	114
6748	120
6749	123
6750	132
6751	116
6752	112
6753	134
6754	113
6755	112
6756	119
6757	119
6758	121
6759	111
6760	93
6761	124
6762	128
6763	113
6764	116
6765	94
6766	122
6767	136
6768	118
6769	119
6770	109
6771	117
6772	101
6773	109
6774	134
6775	83
6776	114
6777	137
6778	128
6779	137
6780	118
6781	129
6782	120
6783	68
6784	127
6785	81
6786	118
6787	130
6788	134
6789	118
6790	141
6791	131
6792	129
6793	134
6794	111
6795	123
6796	128
6797	136
6798	141
6799	125
6800	104
6801	121
6802	83
6803	124
6804	113
6805	126
6806	91
6807	123
6808	67
6809	113
6810	124
6811	138
6812	124
6813	146
6814	124
6815	101
6816	127
6817	125
6818	113
6819	136
6820	64
6821	122
6822	126
6823	116
6824	143
6825	122
6826	115
6827	135
6828	126
6829	128
6830	144
6831	112
6832	135
6833	120
6834	77
6835	124
6836	125
6837	133
6838	95
6839	136
6840	148
6841	135
6842	137
6843	138
6844	134
6845	127
6846	135
6847	78
6848	111
6849	133
6850	140
6851	147
6852	91
6853	134
6854	120
6855	137
6856	137
6857	133
6858	113
6859	107
6860	134
6861	122
6862	119
6863	146
6864	139
6865	121
6866	109
6867	131
6868	107
6869	109
6870	120
6871	103
6872	124
6873	112
6874	69
6875	108
6876	127
6877	65
6878	136
6879	125
6880	132
6881	123
6882	120
6883	130
6884	102
6885	130
6886	121
6887	132
6888	117
6889	123
6890	75
6891	121
6892	147
6893	131
6894	133
6895	120
6896	143
6897	129
6898	114
6899	125
6900	132
6901	78
6902	136
6903	107
6904	132
6905	116
6906	134
6907	137
6908	126
6909	131
6910	86
6911	140
6912	119
6913	134
6914	131
6915	126
6916	143
6917	108
6918	115
6919	110
6920	147
6921	112
6922	113
6923	115
6924	140
6925	126
6926	117
6927	130
6928	117
6929	119
6930	124
6931	133
6932	122
6933	124
6934	126
6935	125
6936	114
6937	116
6938	113
6939	133
6940	109
6941	112
6942	145
6943	73
6944	126
6945	129
6946	136
6947	143
6948	143
6949	124
6950	73
6951	131
6952	141
6953	106
6954	109
6955	126
6956	107
6957	132
6958	125
6959	132
6960	94
6961	108
6962	130
6963	132
6964	109
6965	109
6966	130
6967	139
6968	146
6969	97
6970	143
6971	117
6972	108
6973	114
6974	139
6975	122
6976	64
6977	157
6978	123
6979	134
6980	86
6981	124
6982	115
6983	130
6984	148
6985	115
6986	129
6987	130
6988	107
6989	146
6990	117
6991	111
6992	118
6993	148
6994	134
6995	157
6996	121
6997	127
6998	160
6999	112
7000	83
7001	126
7002	146
7003	124
7004	131
7005	130
7006	83
7007	103
7008	114
7009	118
7010	121
7011	112
7012	65
7013	118
7014	83
7015	130
7016	129
7017	115
7018	128
7019	133
7020	152
7021	127
7022	158
7023	123
7024	147
7025	114
7026	142
7027	81
7028	113
7029	127
7030	108
7031	151
7032	130
7033	136
7034	118
7035	117
7036	131
7037	146
7038	129
7039	119
7040	93
7041	114
7042	118
7043	107
7044	149
7045	146
7046	142
7047	132
7048	120
7049	118
7050	122
7051	134
7052	110
7053	62
7054	116
7055	108
7056	119
7057	83
7058	90
7059	144
7060	83
7061	89
7062	107
7063	125
7064	116
7065	107
7066	119
7067	87
7068	58
7069	121
7070	129
7071	115
7072	87
7073	129
7074	129
7075	91
7076	131
7077	123
7078	138
7079	123
7080	122
7081	149
7082	141
7083	113
7084	116
7085	76
7086	128
7087	128
7088	140
7089	121
7090	114
7091	125
7092	123
7093	123
7094	106
7095	132
7096	131
7097	120
7098	149
7099	134
7100	132
7101	122
7102	114
7103	131
7104	116
7105	130
7106	127
7107	133
7108	133
7109	119
7110	125
7111	143
7112	76
7113	85
7114	135
7115	119
7116	121
7117	140
7118	117
7119	132
7120	70
7121	70
7122	126
7123	130
7124	95
7125	131
7126	148
7127	125
7128	133
7129	116
7130	126
7131	134
7132	125
7133	101
7134	119
7135	134
7136	134
7137	137
7138	146
7139	131
7140	133
7141	142
7142	120
7143	130
7144	83
7145	133
7146	144
7147	94
7148	150
7149	155
7150	99
7151	111
7152	95
7153	112
7154	117
7155	144
7156	125
7157	146
7158	116
7159	124
7160	136
7161	124
7162	136
7163	142
7164	149
7165	117
7166	131
7167	128
7168	136
7169	130
7170	122
7171	131
7172	132
7173	154
7174	121
7175	121
7176	135
7177	127
7178	95
7179	151
7180	148
7181	124
7182	121
7183	130
7184	123
7185	151
7186	102
7187	152
7188	122
7189	134
7190	127
7191	120
7192	137
7193	136
7194	118
7195	115
7196	90
7197	122
7198	137
7199	125
7200	95
7201	93
7202	126
7203	113
7204	57
7205	121
7206	126
7207	129
7208	150
7209	130
7210	135
7211	115
7212	71
7213	120
7214	127
7215	140
7216	71
7217	147
7218	98
7219	124
7220	84
7221	128
7222	131
7223	127
7224	119
7225	119
7226	129
7227	137
7228	110
7229	134
7230	123
7231	128
7232	125
7233	154
7234	133
7235	96
7236	129
7237	70
7238	125
7239	123
7240	108
7241	89
7242	134
7243	152
7244	122
7245	130
7246	124
7247	133
7248	129
7249	120
7250	152
7251	151
7252	126
7253	129
7254	115
7255	78
7256	141
7257	54
7258	73
7259	133
7260	110
7261	117
7262	140
7263	120
7264	130
7265	118
7266	109
7267	127
7268	90
7269	131
7270	118
7271	149
7272	158
7273	146
7274	118
7275	124
7276	121
7277	117
7278	64
7279	121
7280	130
7281	125
7282	121
7283	119
7284	157
7285	131
7286	151
7287	143
7288	94
7289	115
7290	151
7291	131
7292	132
7293	150
7294	117
7295	60
7296	83
7297	131
7298	128
7299	138
7300	99
7301	136
7302	116
7303	121
7304	133
7305	102
7306	68
7307	146
7308	54
7309	125
7310	128
7311	112
7312	128
7313	112
7314	136
7315	116
7316	123
7317	150
7318	61
7319	72
7320	115
7321	121
7322	111
7323	134
7324	145
7325	138
7326	130
7327	143
7328	113
7329	157
7330	116
7331	124
7332	131
7333	122
7334	53
7335	130
7336	84
7337	123
7338	135
7339	118
7340	116
7341	93
7342	122
7343	128
7344	119
7345	127
7346	130
7347	98
7348	123
7349	111
7350	128
7351	83
7352	85
7353	126
7354	108
7355	122
7356	56
7357	127
7358	131
7359	134
7360	126
7361	121
7362	91
7363	146
7364	133
7365	127
7366	120
7367	123
7368	152
7369	156
7370	53
7371	130
7372	149
7373	124
7374	129
7375	148
7376	119
7377	127
7378	135
7379	135
7380	111
7381	116
7382	129
7383	134
7384	151
7385	132
7386	126
7387	123
7388	135
7389	138
7390	129
7391	142
7392	141
7393	142
7394	58
7395	96
7396	130
7397	100
7398	108
7399	137
7400	134
7401	132
7402	144
7403	87
7404	128
7405	127
7406	128
7407	102
7408	139
7409	89
7410	135
7411	102
7412	128
7413	85
7414	121
7415	116
7416	145
7417	100
7418	146
7419	110
7420	127
7421	130
7422	132
7423	83
7424	121
7425	133
7426	138
7427	131
7428	129
7429	102
7430	127
7431	119
7432	125
7433	117
7434	115
7435	122
7436	125
7437	117
7438	143
7439	129
7440	117
7441	123
7442	122
7443	107
7444	117
7445	128
7446	126
7447	120
7448	136
7449	75
7450	114
7451	147
7452	51
7453	129
7454	100
7455	123
7456	136
7457	122
7458	76
7459	139
7460	119
7461	141
7462	104
7463	74
7464	121
7465	124
7466	106
7467	129
7468	113
7469	118
7470	130
7471	135
7472	146
7473	117
7474	142
7475	80
7476	97
7477	134
7478	106
7479	115
7480	121
7481	146
7482	109
7483	127
7484	141
7485	138
7486	139
7487	130
7488	109
7489	51
7490	100
7491	128
7492	143
7493	119
7494	121
7495	126
7496	83
7497	137
7498	124
7499	119
7500	122
7501	136
7502	135
7503	133
7504	67
7505	116
7506	118
7507	119
7508	105
7509	121
7510	120
7511	141
7512	119
7513	123
7514	100
7515	136
7516	128
7517	131
7518	78
7519	123
7520	113
7521	117
7522	118
7523	121
7524	124
7525	125
7526	121
7527	139
7528	126
7529	117
7530	138
7531	115
7532	134
7533	134
7534	73
7535	59
7536	118
7537	119
7538	106
7539	90
7540	92
7541	102
7542	120
7543	140
7544	122
7545	111
7546	125
7547	135
7548	139
7549	127
7550	121
7551	140
7552	139
7553	94
7554	118
7555	122
7556	137
7557	89
7558	112
7559	87
7560	112
7561	121
7562	138
7563	105
7564	117
7565	117
7566	134
7567	145
7568	99
7569	91
7570	112
7571	116
7572	119
7573	117
7574	118
7575	127
7576	138
7577	60
7578	110
7579	105
7580	112
7581	98
7582	116
7583	71
7584	100
7585	121
7586	117
7587	121
7588	124
7589	86
7590	125
7591	118
7592	128
7593	94
7594	119
7595	102
7596	141
7597	116
7598	114
7599	75
7600	113
7601	115
7602	139
7603	123
7604	138
7605	142
7606	114
7607	116
7608	116
7609	108
7610	125
7611	121
7612	121
7613	95
7614	120
7615	104
7616	139
7617	90
7618	115
7619	94
7620	141
7621	140
7622	136
7623	119
7624	139
7625	93
7626	86
7627	116
7628	136
7629	124
7630	118
7631	117
7632	121
7633	110
7634	108
7635	135
7636	118
7637	120
7638	116
7639	116
7640	111
7641	73
7642	117
7643	84
7644	119
7645	106
7646	137
7647	134
7648	98
7649	122
7650	98
7651	131
7652	114
7653	113
7654	120
7655	96
7656	93
7657	107
7658	134
7659	77
7660	90
7661	73
7662	122
7663	101
7664	109
7665	115
7666	136
7667	139
7668	94
7669	80
7670	108
7671	102
7672	115
7673	127
7674	122
7675	116
7676	121
7677	127
7678	138
7679	115
7680	104
7681	110
7682	119
7683	134
7684	98
7685	120
7686	124
7687	71
7688	118
7689	139
7690	99
7691	100
7692	100
7693	115
7694	110
7695	103
7696	140
7697	114
7698	112
7699	110
7700	65
7701	115
7702	112
7703	107
7704	138
7705	103
7706	131
7707	126
7708	120
7709	113
7710	84
7711	98
7712	115
7713	81
7714	70
7715	116
7716	80
7717	125
7718	130
7719	123
7720	108
7721	75
7722	137
7723	109
7724	115
7725	74
7726	113
7727	105
7728	112
7729	122
7730	114
7731	76
7732	76
7733	111
7734	94
7735	106
7736	133
7737	134
7738	125
7739	107
7740	137
7741	129
7742	115
7743	118
7744	115
7745	85
7746	75
7747	112
7748	108
7749	130
7750	71
7751	105
7752	127
7753	132
7754	93
7755	128
7756	82
7757	116
7758	74
7759	65
7760	106
7761	120
7762	102
7763	101
7764	131
7765	132
7766	123
7767	70
7768	124
7769	114
7770	103
7771	109
7772	129
7773	107
7774	65
7775	122
7776	93
7777	94
7778	65
7779	111
7780	114
7781	133
7782	133
7783	94
7784	63
7785	78
7786	110
7787	121
7788	97
7789	118
7790	73
7791	108
7792	73
7793	105
7794	63
7795	102
7796	128
7797	109
7798	108
7799	101
7800	119
7801	114
7802	98
7803	68
7804	107
7805	101
7806	92
7807	110
7808	111
7809	75
7810	122
7811	124
7812	67
7813	127
7814	116
7815	105
7816	93
7817	93
7818	67
7819	110
7820	98
7821	104
7822	119
7823	105
7824	125
7825	94
7826	101
7827	102
7828	100
7829	92
7830	105
7831	110
7832	65
7833	102
7834	68
7835	116
7836	122
7837	112
7838	70
7839	100
7840	95
7841	108
7842	102
7843	123
7844	105
7845	67
7846	103
7847	93
7848	109
7849	104
7850	103
7851	107
7852	104
7853	122
7854	103
7855	111
7856	69
7857	90
7858	100
7859	105
7860	83
7861	106
7862	100
7863	88
7864	111
7865	103
7866	67
7867	103
7868	89
7869	83
7870	117
7871	91
7872	97
7873	107
7874	87
7875	98
7876	115
7877	90
7878	69
7879	105
7880	96
7881	99
7882	108
7883	98
7884	74
7885	87
7886	77
7887	93
7888	86
7889	84
7890	74
7891	90
7892	108
7893	64
7894	64
7895	87
7896	94
7897	103
7898	98
7899	84
7900	99
7901	96
7902	110
7903	90
7904	86
7905	100
7906	99
7907	105
7908	87
7909	89
7910	86
7911	94
7912	75
7913	85
7914	85
7915	83
7916	94
7917	76
7918	81
7919	94
7920	85
7921	82
7922	79
7923	80
7924	67
7925	78
7926	81
7927	89
7928	80
7929	64
7930	66
7931	76
7932	70
7933	75
7934	62
7935	86
7936	87
7937	74
7938	80
7939	65
7940	90
7941	80
7942	89
7943	78
7944	73
7945	83
7946	76
7947	88
7948	71
7949	75
7950	77
7951	78
7952	81
7953	73
7954	72
7955	70
7956	77
7957	83
7958	74
7959	77
7960	70
7961	70
7962	79
7963	70
7964	76
7965	69
7966	70
7967	72
7968	73
7969	79
7970	77
7971	63
7972	77
7973	73
7974	72
7975	65
7976	66
7977	73
7978	71
7979	66
7980	66
7981	57
7982	58
7983	71
7984	58
7985	61
7986	69
7987	57
7988	58
7989	61
7990	63
7991	61
7992	64
7993	62
7994	59
7995	62
7996	60
7997	64
7998	57
7999	52
