0	15
1	12
2	7
3	19
4	17
5	13
6	18
7	17
8	22
9	16
10	19
11	15
12	16
13	15
14	11
15	19
16	16
17	14
18	16
19	16
20	12
21	26
22	20
23	20
24	14
25	17
26	19
27	20
28	19
29	20
30	18
31	17
32	22
33	22
34	22
35	12
36	25
37	21
38	19
39	15
40	20
41	13
42	11
43	9
44	23
45	15
46	22
47	13
48	20
49	16
50	15
51	21
52	17
53	25
54	22
55	27
56	19
57	23
58	25
59	26
60	24
61	21
62	15
63	23
64	23
65	24
66	19
67	29
68	21
69	18
70	23
71	16
72	25
73	25
74	26
75	27
76	19
77	24
78	24
79	18
80	22
81	21
82	28
83	26
84	28
85	24
86	22
87	17
88	23
89	12
90	34
91	27
92	30
93	27
94	29
95	19
96	19
97	21
98	22
99	26
100	28
101	22
102	31
103	23
104	19
105	23
106	19
107	17
108	26
109	24
110	31
111	17
112	29
113	27
114	33
115	28
116	23
117	14
118	21
119	21
120	23
121	25
122	29
123	32
124	24
125	26
126	29
127	26
128	33
129	29
130	24
131	17
132	27
133	17
134	37
135	27
136	30
137	29
138	31
139	20
140	30
141	37
142	30
143	21
144	34
145	22
146	20
147	22
148	25
149	37
150	31
151	28
152	37
153	34
154	38
155	32
156	32
157	13
158	27
159	31
160	32
161	37
162	23
163	39
164	30
165	37
166	31
167	32
168	25
169	28
170	33
171	36
172	35
173	40
174	33
175	33
176	33
177	39
178	39
179	24
180	30
181	36
182	34
183	28
184	33
185	37
186	32
187	29
188	33
189	32
190	32
191	20
192	31
193	30
194	35
195	38
196	26
197	33
198	38
199	32
200	32
201	29
202	30
203	38
204	32
205	28
206	33
207	26
208	38
209	22
210	30
211	32
212	20
213	36
214	30
215	34
216	36
217	22
218	24
219	31
220	36
221	35
222	34
223	29
224	34
225	35
226	39
227	33
228	24
229	39
230	21
231	23
232	34
233	28
234	41
235	20
236	33
237	21
238	22
239	34
240	32
241	39
242	21
243	40
244	24
245	35
246	29
247	38
248	36
249	31
250	36
251	28
252	34
253	36
254	44
255	32
256	33
257	40
258	37
259	22
260	23
261	38
262	40
263	24
264	36
265	32
266	32
267	34
268	35
269	21
270	35
271	29
272	29
273	30
274	39
275	34
276	33
277	30
278	39
279	30
280	36
281	42
282	37
283	33
284	31
285	29
286	22
287	30
288	28
289	22
290	22
291	36
292	34
293	28
294	31
295	27
296	41
297	23
298	33
299	36
300	34
301	34
302	39
303	26
304	26
305	29
306	35
307	37
308	37
309	39
310	35
311	37
312	35
313	27
314	33
315	34
316	37
317	34
318	35
319	34
320	35
321	29
322	35
323	34
324	23
325	42
326	38
327	34
328	37
329	33
330	30
331	29
332	25
333	37
334	32
335	38
336	32
337	25
338	33
339	30
340	42
341	36
342	33
343	25
344	25
345	30
346	29
347	30
348	31
349	26
350	37
351	43
352	27
353	35
354	29
355	33
356	29
357	38
358	38
359	35
360	31
361	21
362	29
363	27
364	34
365	42
366	38
367	23
368	40
369	34
370	30
371	32
372	31
373	32
374	33
375	34
376	31
377	19
378	21
379	31
380	28
381	40
382	32
383	36
384	21
385	34
386	30
387	19
388	33
389	32
390	36
391	28
392	37
393	28
394	29
395	29
396	34
397	36
398	33
399	36
400	40
401	34
402	36
403	35
404	35
405	28
406	31
407	31
408	38
409	23
410	35
411	27
412	34
413	29
414	29
415	31
416	35
417	14
418	35
419	27
420	31
421	34
422	35
423	26
424	30
425	29
426	33
427	37
428	35
429	35
430	35
431	35
432	33
433	32
434	37
435	18
436	29
437	31
438	29
439	31
440	27
441	32
442	30
443	33
444	36
445	31
446	34
447	32
448	28
449	24
450	29
451	33
452	41
453	38
454	29
455	34
456	28
457	33
458	37
459	33
460	32
461	30
462	29
463	38
464	31
465	36
466	31
467	26
468	27
469	28
470	25
471	32
472	33
473	33
474	32
475	33
476	33
477	28
478	31
479	34
480	34
481	29
482	35
483	27
484	38
485	29
486	41
487	23
488	37
489	31
490	40
491	31
492	19
493	36
494	30
495	39
496	36
497	23
498	26
499	25
500	38
501	37
502	32
503	40
504	25
505	34
506	25
507	35
508	29
509	33
510	34
511	30
512	29
513	28
514	28
515	34
516	28
517	21
518	30
519	38
520	22
521	36
522	25
523	37
524	35
525	23
526	35
527	37
528	34
529	23
530	24
531	23
532	35
533	29
534	23
535	24
536	33
537	34
538	26
539	35
540	31
541	37
542	31
543	33
544	29
545	33
546	34
547	29
548	38
549	32
550	37
551	33
552	35
553	30
554	35
555	22
556	34
557	34
558	36
559	38
560	32
561	28
562	29
563	32
564	34
565	35
566	22
567	22
568	32
569	34
570	31
571	31
572	32
573	29
574	30
575	26
576	35
577	32
578	33
579	33
580	30
581	33
582	23
583	34
584	33
585	25
586	34
587	26
588	32
589	27
590	22
591	31
592	36
593	20
594	24
595	24
596	34
597	34
598	35
599	30
600	26
601	39
602	36
603	27
604	34
605	19
606	29
607	31
608	28
609	32
610	41
611	28
612	38
613	31
614	18
615	37
616	21
617	29
618	31
619	35
620	22
621	33
622	29
623	23
624	27
625	28
626	27
627	30
628	30
629	26
630	33
631	33
632	21
633	33
634	19
635	26
636	26
637	32
638	26
639	32
640	25
641	27
642	18
643	36
644	36
645	34
646	34
647	25
648	37
649	29
650	34
651	25
652	30
653	33
654	36
655	17
656	29
657	32
658	28
659	18
660	31
661	26
662	38
663	41
664	29
665	31
666	29
667	27
668	33
669	25
670	22
671	28
672	34
673	27
674	19
675	32
676	17
677	30
678	24
679	24
680	29
681	32
682	32
683	33
684	31
685	35
686	31
687	26
688	25
689	28
690	33
691	27
692	26
693	23
694	33
695	30
696	26
697	26
698	33
699	34
700	28
701	30
702	36
703	24
704	33
705	39
706	32
707	28
708	31
709	27
710	31
711	28
712	35
713	35
714	35
715	36
716	33
717	25
718	25
719	36
720	26
721	23
722	26
723	36
724	35
725	33
726	25
727	25
728	36
729	22
730	21
731	32
732	31
733	26
734	26
735	21
736	33
737	27
738	21
739	23
740	40
741	35
742	25
743	25
744	28
745	25
746	41
747	24
748	26
749	26
750	26
751	32
752	24
753	25
754	27
755	35
756	28
757	35
758	21
759	20
760	36
761	28
762	40
763	34
764	29
765	21
766	23
767	24
768	27
769	25
770	25
771	42
772	23
773	25
774	30
775	23
776	36
777	22
778	28
779	35
780	23
781	30
782	29
783	34
784	28
785	30
786	33
787	29
788	45
789	21
790	31
791	39
792	21
793	22
794	28
795	23
796	24
797	48
798	27
799	29
800	35
801	32
802	14
803	29
804	39
805	36
806	17
807	41
808	23
809	17
810	26
811	35
812	17
813	33
814	24
815	26
816	35
817	24
818	25
819	38
820	31
821	36
822	25
823	40
824	38
825	36
826	21
827	32
828	29
829	34
830	28
831	40
832	35
833	33
834	32
835	30
836	41
837	24
838	34
839	26
840	50
841	27
842	38
843	33
844	37
845	24
846	37
847	33
848	33
849	29
850	26
851	32
852	33
853	43
854	42
855	29
856	34
857	20
858	13
859	31
860	38
861	30
862	27
863	35
864	39
865	27
866	30
867	28
868	27
869	41
870	13
871	38
872	33
873	35
874	35
875	28
876	31
877	27
878	46
879	47
880	40
881	37
882	43
883	20
884	30
885	35
886	24
887	38
888	31
889	25
890	32
891	36
892	36
893	23
894	36
895	25
896	42
897	26
898	28
899	37
900	28
901	25
902	36
903	35
904	26
905	31
906	28
907	28
908	20
909	26
910	36
911	32
912	25
913	31
914	26
915	31
916	34
917	32
918	27
919	30
920	30
921	28
922	26
923	29
924	12
925	31
926	24
927	28
928	33
929	33
930	31
931	25
932	13
933	28
934	33
935	21
936	33
937	29
938	30
939	25
940	30
941	37
942	40
943	35
944	27
945	29
946	30
947	29
948	28
949	39
950	27
951	29
952	27
953	41
954	39
955	28
956	27
957	30
958	23
959	42
960	35
961	30
962	41
963	29
964	32
965	35
966	38
967	29
968	40
969	10
970	37
971	33
972	36
973	25
974	23
975	34
976	27
977	34
978	43
979	26
980	41
981	25
982	40
983	10
984	22
985	26
986	13
987	35
988	34
989	36
990	40
991	27
992	31
993	29
994	35
995	29
996	40
997	33
998	31
999	32
1000	40
1001	25
1002	22
1003	27
1004	43
1005	23
1006	32
1007	39
1008	31
1009	42
1010	32
1011	36
1012	28
1013	31
1014	28
1015	32
1016	28
1017	38
1018	40
1019	27
1020	39
1021	30
1022	43
1023	33
1024	37
1025	32
1026	24
1027	44
1028	27
1029	27
1030	27
1031	38
1032	43
1033	36
1034	35
1035	28
1036	30
1037	26
1038	26
1039	30
1040	24
1041	25
1042	32
1043	29
1044	26
1045	31
1046	38
1047	43
1048	36
1049	27
1050	36
1051	40
1052	25
1053	28
1054	46
1055	28
1056	26
1057	30
1058	44
1059	32
1060	31
1061	42
1062	28
1063	25
1064	34
1065	32
1066	41
1067	26
1068	37
1069	27
1070	31
1071	29
1072	44
1073	27
1074	27
1075	34
1076	36
1077	31
1078	39
1079	31
1080	27
1081	24
1082	28
1083	34
1084	42
1085	26
1086	31
1087	33
1088	18
1089	30
1090	47
1091	37
1092	27
1093	34
1094	27
1095	38
1096	38
1097	36
1098	43
1099	39
1100	21
1101	29
1102	33
1103	38
1104	38
1105	26
1106	24
1107	39
1108	24
1109	29
1110	36
1111	31
1112	18
1113	43
1114	39
1115	44
1116	28
1117	43
1118	45
1119	37
1120	46
1121	27
1122	23
1123	39
1124	43
1125	19
1126	35
1127	45
1128	13
1129	32
1130	37
1131	13
1132	36
1133	34
1134	35
1135	39
1136	32
1137	30
1138	44
1139	35
1140	31
1141	41
1142	44
1143	35
1144	28
1145	29
1146	25
1147	30
1148	34
1149	28
1150	31
1151	35
1152	42
1153	37
1154	31
1155	31
1156	42
1157	33
1158	30
1159	41
1160	29
1161	25
1162	33
1163	36
1164	34
1165	40
1166	44
1167	21
1168	33
1169	26
1170	41
1171	33
1172	36
1173	34
1174	36
1175	32
1176	41
1177	29
1178	26
1179	40
1180	46
1181	30
1182	28
1183	38
1184	22
1185	35
1186	33
1187	36
1188	41
1189	40
1190	34
1191	35
1192	35
1193	39
1194	31
1195	36
1196	34
1197	40
1198	20
1199	33
1200	12
1201	32
1202	40
1203	36
1204	27
1205	27
1206	28
1207	37
1208	30
1209	36
1210	43
1211	23
1212	30
1213	29
1214	31
1215	17
1216	33
1217	26
1218	24
1219	24
1220	32
1221	24
1222	30
1223	35
1224	34
1225	33
1226	35
1227	26
1228	39
1229	29
1230	37
1231	37
1232	36
1233	35
1234	33
1235	31
1236	35
1237	30
1238	25
1239	38
1240	36
1241	33
1242	19
1243	35
1244	32
1245	35
1246	26
1247	36
1248	28
1249	34
1250	35
1251	33
1252	33
1253	34
1254	38
1255	29
1256	38
1257	27
1258	36
1259	52
1260	28
1261	34
1262	31
1263	29
1264	33
1265	34
1266	35
1267	20
1268	34
1269	30
1270	46
1271	37
1272	35
1273	21
1274	49
1275	28
1276	36
1277	37
1278	35
1279	29
1280	24
1281	30
1282	33
1283	36
1284	38
1285	34
1286	34
1287	30
1288	34
1289	19
1290	23
1291	38
1292	25
1293	29
1294	33
1295	35
1296	21
1297	31
1298	34
1299	37
1300	34
1301	21
1302	34
1303	29
1304	32
1305	16
1306	19
1307	34
1308	35
1309	20
1310	35
1311	27
1312	32
1313	33
1314	13
1315	30
1316	31
1317	42
1318	25
1319	25
1320	34
1321	32
1322	29
1323	21
1324	35
1325	41
1326	24
1327	26
1328	34
1329	23
1330	33
1331	35
1332	42
1333	22
1334	32
1335	37
1336	31
1337	44
1338	31
1339	30
1340	35
1341	30
1342	23
1343	31
1344	30
1345	29
1346	29
1347	30
1348	33
1349	46
1350	38
1351	28
1352	20
1353	23
1354	34
1355	26
1356	27
1357	28
1358	41
1359	20
1360	31
1361	26
1362	32
1363	37
1364	31
1365	31
1366	34
1367	32
1368	20
1369	37
1370	22
1371	21
1372	28
1373	35
1374	31
1375	33
1376	38
1377	23
1378	36
1379	28
1380	22
1381	22
1382	35
1383	29
1384	33
1385	33
1386	26
1387	27
1388	29
1389	31
1390	18
1391	48
1392	20
1393	29
1394	37
1395	25
1396	19
1397	28
1398	35
1399	32
1400	44
1401	31
1402	32
1403	23
1404	36
1405	36
1406	36
1407	20
1408	36
1409	42
1410	27
1411	38
1412	38
1413	11
1414	27
1415	26
1416	42
1417	28
1418	40
1419	23
1420	26
1421	37
1422	22
1423	29
1424	29
1425	19
1426	27
1427	21
1428	24
1429	31
1430	36
1431	31
1432	18
1433	38
1434	36
1435	40
1436	23
1437	36
1438	32
1439	19
1440	26
1441	27
1442	31
1443	29
1444	24
1445	29
1446	26
1447	38
1448	19
1449	27
1450	23
1451	33
1452	37
1453	33
1454	35
1455	31
1456	35
1457	30
1458	27
1459	30
1460	21
1461	26
1462	11
1463	28
1464	39
1465	25
1466	21
1467	36
1468	44
1469	21
1470	35
1471	25
1472	28
1473	24
1474	19
1475	35
1476	19
1477	18
1478	27
1479	17
1480	14
1481	28
1482	26
1483	26
1484	35
1485	15
1486	28
1487	44
1488	35
1489	30
1490	30
1491	18
1492	22
1493	23
1494	25
1495	14
1496	31
1497	39
1498	27
1499	26
1500	29
1501	42
1502	22
1503	31
1504	33
1505	29
1506	19
1507	26
1508	25
1509	42
1510	19
1511	26
1512	18
1513	24
1514	25
1515	24
1516	42
1517	15
1518	27
1519	26
1520	31
1521	41
1522	19
1523	30
1524	23
1525	44
1526	22
1527	27
1528	26
1529	24
1530	15
1531	25
1532	24
1533	25
1534	24
1535	37
1536	27
1537	23
1538	27
1539	27
1540	28
1541	30
1542	29
1543	32
1544	26
1545	41
1546	30
1547	42
1548	24
1549	15
1550	32
1551	29
1552	29
1553	37
1554	30
1555	35
1556	34
1557	26
1558	29
1559	30
1560	29
1561	34
1562	27
1563	28
1564	28
1565	24
1566	28
1567	26
1568	28
1569	29
1570	25
1571	28
1572	28
1573	40
1574	28
1575	18
1576	29
1577	37
1578	29
1579	29
1580	37
1581	29
1582	29
1583	33
1584	27
1585	36
1586	23
1587	40
1588	37
1589	32
1590	28
1591	26
1592	24
1593	33
1594	29
1595	25
1596	27
1597	28
1598	32
1599	18
1600	24
1601	17
1602	29
1603	31
1604	32
1605	29
1606	33
1607	39
1608	27
1609	27
1610	25
1611	27
1612	31
1613	25
1614	31
1615	29
1616	31
1617	30
1618	28
1619	32
1620	25
1621	26
1622	33
1623	28
1624	28
1625	25
1626	27
1627	26
1628	31
1629	33
1630	28
1631	32
1632	25
1633	32
1634	28
1635	16
1636	24
1637	32
1638	36
1639	33
1640	25
1641	26
1642	31
1643	31
1644	24
1645	25
1646	29
1647	30
1648	30
1649	32
1650	39
1651	31
1652	28
1653	26
1654	29
1655	33
1656	33
1657	25
1658	27
1659	31
1660	32
1661	27
1662	32
1663	30
1664	29
1665	28
1666	27
1667	27
1668	30
1669	33
1670	32
1671	29
1672	24
1673	27
1674	25
1675	41
1676	31
1677	29
1678	37
1679	33
1680	31
1681	34
1682	29
1683	32
1684	29
1685	30
1686	32
1687	27
1688	28
1689	31
1690	23
1691	31
1692	27
1693	28
1694	29
1695	28
1696	41
1697	28
1698	28
1699	25
1700	27
1701	26
1702	23
1703	30
1704	33
1705	28
1706	29
1707	26
1708	29
1709	26
1710	41
1711	35
1712	28
1713	24
1714	24
1715	24
1716	40
1717	33
1718	32
1719	36
1720	40
1721	32
1722	31
1723	31
1724	27
1725	36
1726	33
1727	28
1728	38
1729	29
1730	33
1731	24
1732	33
1733	31
1734	29
1735	22
1736	29
1737	29
1738	32
1739	33
1740	34
1741	38
1742	26
1743	28
1744	35
1745	29
1746	35
1747	30
1748	29
1749	30
1750	30
1751	25
1752	25
1753	32
1754	32
1755	28
1756	30
1757	24
1758	28
1759	30
1760	32
1761	33
1762	30
1763	28
1764	29
1765	27
1766	32
1767	26
1768	38
1769	28
1770	32
1771	24
1772	27
1773	33
1774	26
1775	29
1776	25
1777	33
1778	27
1779	24
1780	36
1781	33
1782	32
1783	30
1784	30
1785	37
1786	41
1787	26
1788	28
1789	30
1790	28
1791	25
1792	33
1793	28
1794	38
1795	29
1796	29
1797	29
1798	27
1799	25
1800	35
1801	27
1802	29
1803	27
1804	28
1805	29
1806	26
1807	32
1808	32
1809	34
1810	31
1811	28
1812	31
1813	31
1814	24
1815	25
1816	32
1817	27
1818	32
1819	27
1820	34
1821	29
1822	28
1823	36
1824	29
1825	36
1826	27
1827	30
1828	29
1829	28
1830	27
1831	31
1832	28
1833	22
1834	24
1835	34
1836	24
1837	27
1838	23
1839	33
1840	28
1841	34
1842	33
1843	33
1844	36
1845	33
1846	26
1847	23
1848	35
1849	31
1850	34
1851	16
1852	28
1853	35
1854	25
1855	28
1856	26
1857	33
1858	20
1859	32
1860	22
1861	31
1862	31
1863	29
1864	25
1865	29
1866	25
1867	26
1868	25
1869	29
1870	27
1871	32
1872	27
1873	24
1874	29
1875	26
1876	24
1877	26
1878	32
1879	26
1880	33
1881	35
1882	31
1883	35
1884	30
1885	29
1886	30
1887	27
1888	31
1889	31
1890	29
1891	34
1892	32
1893	38
1894	28
1895	32
1896	29
1897	33
1898	32
1899	36
1900	34
1901	33
1902	35
1903	34
1904	35
1905	33
1906	33
1907	26
1908	32
1909	31
1910	27
1911	33
1912	33
1913	29
1914	27
1915	25
1916	29
1917	34
1918	29
1919	35
1920	28
1921	30
1922	35
1923	23
1924	26
1925	30
1926	36
1927	27
1928	39
1929	37
1930	27
1931	28
1932	28
1933	35
1934	27
1935	27
1936	39
1937	26
1938	26
1939	27
1940	28
1941	41
1942	39
1943	34
1944	27
1945	32
1946	25
1947	34
1948	33
1949	33
1950	34
1951	25
1952	34
1953	20
1954	30
1955	42
1956	35
1957	34
1958	26
1959	33
1960	31
1961	25
1962	33
1963	30
1964	30
1965	27
1966	31
1967	41
1968	29
1969	23
1970	29
1971	29
1972	36
1973	27
1974	27
1975	28
1976	42
1977	24
1978	31
1979	25
1980	26
1981	28
1982	28
1983	26
1984	26
1985	24
1986	37
1987	36
1988	39
1989	30
1990	16
1991	38
1992	39
1993	31
1994	45
1995	41
1996	29
1997	26
1998	35
1999	38
2000	27
2001	42
2002	26
2003	32
2004	30
2005	39
2006	28
2007	32
2008	28
2009	27
2010	44
2011	34
2012	29
2013	27
2014	38
2015	28
2016	43
2017	28
2018	47
2019	37
2020	33
2021	31
2022	36
2023	27
2024	31
2025	33
2026	27
2027	28
2028	36
2029	36
2030	22
2031	45
2032	27
2033	26
2034	32
2035	30
2036	24
2037	27
2038	24
2039	46
2040	39
2041	35
2042	38
2043	32
2044	41
2045	34
2046	24
2047	38
2048	22
2049	31
2050	38
2051	31
2052	40
2053	41
2054	37
2055	33
2056	45
2057	24
2058	36
2059	48
2060	25
2061	36
2062	36
2063	28
2064	30
2065	48
2066	39
2067	29
2068	39
2069	30
2070	23
2071	37
2072	35
2073	35
2074	40
2075	31
2076	35
2077	27
2078	43
2079	41
2080	44
2081	34
2082	26
2083	26
2084	34
2085	34
2086	30
2087	32
2088	47
2089	25
2090	25
2091	42
2092	30
2093	36
2094	32
2095	29
2096	42
2097	29
2098	29
2099	41
2100	42
2101	33
2102	32
2103	37
2104	47
2105	36
2106	40
2107	33
2108	38
2109	48
2110	27
2111	37
2112	41
2113	46
2114	43
2115	26
2116	44
2117	32
2118	29
2119	25
2120	47
2121	37
2122	25
2123	26
2124	29
2125	41
2126	30
2127	28
2128	35
2129	44
2130	38
2131	40
2132	44
2133	26
2134	31
2135	27
2136	22
2137	37
2138	44
2139	45
2140	51
2141	34
2142	39
2143	38
2144	29
2145	28
2146	49
2147	39
2148	51
2149	26
2150	24
2151	40
2152	18
2153	33
2154	37
2155	52
2156	35
2157	26
2158	32
2159	34
2160	39
2161	38
2162	33
2163	39
2164	45
2165	36
2166	45
2167	27
2168	34
2169	25
2170	35
2171	39
2172	43
2173	34
2174	29
2175	39
2176	38
2177	49
2178	37
2179	30
2180	48
2181	47
2182	44
2183	28
2184	23
2185	33
2186	22
2187	38
2188	37
2189	50
2190	42
2191	29
2192	28
2193	20
2194	23
2195	23
2196	45
2197	31
2198	24
2199	38
2200	39
2201	29
2202	33
2203	14
2204	45
2205	24
2206	26
2207	25
2208	35
2209	34
2210	26
2211	48
2212	20
2213	35
2214	35
2215	43
2216	43
2217	25
2218	26
2219	28
2220	25
2221	27
2222	35
2223	26
2224	42
2225	37
2226	17
2227	29
2228	37
2229	39
2230	39
2231	36
2232	28
2233	36
2234	43
2235	38
2236	32
2237	24
2238	43
2239	22
2240	44
2241	34
2242	42
2243	34
2244	43
2245	29
2246	34
2247	23
2248	39
2249	22
2250	36
2251	20
2252	22
2253	37
2254	23
2255	39
2256	37
2257	32
2258	36
2259	49
2260	24
2261	45
2262	42
2263	16
2264	39
2265	32
2266	18
2267	38
2268	35
2269	21
2270	26
2271	29
2272	21
2273	30
2274	25
2275	38
2276	38
2277	20
2278	19
2279	37
2280	45
2281	20
2282	21
2283	35
2284	35
2285	36
2286	38
2287	34
2288	38
2289	42
2290	26
2291	40
2292	30
2293	17
2294	32
2295	41
2296	35
2297	30
2298	21
2299	28
2300	24
2301	31
2302	40
2303	15
2304	35
2305	31
2306	23
2307	22
2308	28
2309	29
2310	19
2311	31
2312	33
2313	36
2314	39
2315	24
2316	26
2317	25
2318	45
2319	25
2320	41
2321	29
2322	30
2323	25
2324	23
2325	36
2326	39
2327	36
2328	35
2329	35
2330	38
2331	40
2332	38
2333	24
2334	26
2335	39
2336	27
2337	34
2338	23
2339	28
2340	33
2341	31
2342	41
2343	40
2344	39
2345	31
2346	39
2347	37
2348	26
2349	38
2350	36
2351	28
2352	23
2353	24
2354	24
2355	27
2356	22
2357	42
2358	34
2359	34
2360	44
2361	41
2362	26
2363	34
2364	23
2365	34
2366	44
2367	24
2368	38
2369	41
2370	22
2371	38
2372	26
2373	31
2374	19
2375	25
2376	34
2377	21
2378	35
2379	33
2380	36
2381	31
2382	37
2383	28
2384	24
2385	32
2386	23
2387	40
2388	30
2389	35
2390	29
2391	31
2392	29
2393	29
2394	33
2395	30
2396	28
2397	28
2398	36
2399	31
2400	39
2401	37
2402	32
2403	32
2404	32
2405	32
2406	38
2407	20
2408	40
2409	25
2410	24
2411	26
2412	32
2413	26
2414	20
2415	46
2416	22
2417	42
2418	27
2419	34
2420	27
2421	29
2422	33
2423	37
2424	39
2425	13
2426	28
2427	33
2428	26
2429	25
2430	30
2431	31
2432	23
2433	14
2434	24
2435	25
2436	28
2437	37
2438	32
2439	36
2440	44
2441	27
2442	34
2443	34
2444	34
2445	41
2446	34
2447	35
2448	24
2449	34
2450	30
2451	24
2452	25
2453	25
2454	23
2455	28
2456	25
2457	40
2458	26
2459	32
2460	25
2461	26
2462	43
2463	48
2464	39
2465	39
2466	27
2467	25
2468	26
2469	41
2470	28
2471	35
2472	23
2473	33
2474	34
2475	30
2476	35
2477	27
2478	37
2479	38
2480	24
2481	35
2482	34
2483	27
2484	40
2485	43
2486	27
2487	41
2488	39
2489	38
2490	25
2491	45
2492	43
2493	39
2494	25
2495	38
2496	38
2497	35
2498	41
2499	33
2500	49
2501	25
2502	33
2503	39
2504	35
2505	19
2506	39
2507	27
2508	28
2509	37
2510	36
2511	23
2512	36
2513	22
2514	35
2515	35
2516	36
2517	42
2518	24
2519	30
2520	38
2521	45
2522	38
2523	34
2524	27
2525	40
2526	26
2527	29
2528	26
2529	37
2530	30
2531	28
2532	23
2533	35
2534	27
2535	38
2536	38
2537	41
2538	12
2539	39
2540	24
2541	36
2542	26
2543	34
2544	28
2545	27
2546	24
2547	36
2548	36
2549	25
2550	27
2551	40
2552	48
2553	26
2554	27
2555	44
2556	45
2557	45
2558	35
2559	36
2560	46
2561	29
2562	47
2563	34
2564	28
2565	37
2566	26
2567	32
2568	36
2569	34
2570	32
2571	30
2572	36
2573	33
2574	46
2575	29
2576	28
2577	40
2578	29
2579	42
2580	30
2581	26
2582	37
2583	29
2584	45
2585	43
2586	37
2587	34
2588	24
2589	28
2590	28
2591	35
2592	31
2593	39
2594	10
2595	41
2596	31
2597	27
2598	26
2599	41
2600	34
2601	30
2602	42
2603	39
2604	39
2605	48
2606	29
2607	33
2608	38
2609	28
2610	31
2611	37
2612	27
2613	34
2614	29
2615	44
2616	44
2617	32
2618	30
2619	20
2620	47
2621	30
2622	28
2623	23
2624	43
2625	29
2626	20
2627	41
2628	25
2629	41
2630	25
2631	26
2632	37
2633	26
2634	29
2635	43
2636	30
2637	33
2638	20
2639	35
2640	35
2641	29
2642	35
2643	45
2644	28
2645	33
2646	28
2647	39
2648	39
2649	42
2650	38
2651	41
2652	40
2653	24
2654	35
2655	9
2656	41
2657	43
2658	36
2659	32
2660	23
2661	45
2662	44
2663	44
2664	38
2665	35
2666	40
2667	47
2668	21
2669	28
2670	43
2671	31
2672	10
2673	35
2674	44
2675	33
2676	28
2677	31
2678	28
2679	29
2680	31
2681	37
2682	45
2683	38
2684	36
2685	14
2686	35
2687	35
2688	38
2689	26
2690	26
2691	30
2692	28
2693	48
2694	30
2695	46
2696	39
2697	34
2698	23
2699	20
2700	29
2701	25
2702	41
2703	43
2704	32
2705	20
2706	34
2707	30
2708	15
2709	26
2710	39
2711	37
2712	39
2713	31
2714	36
2715	36
2716	29
2717	28
2718	33
2719	31
2720	41
2721	37
2722	21
2723	32
2724	38
2725	38
2726	40
2727	41
2728	28
2729	43
2730	32
2731	31
2732	34
2733	42
2734	40
2735	19
2736	37
2737	27
2738	26
2739	40
2740	37
2741	33
2742	32
2743	40
2744	32
2745	38
2746	29
2747	41
2748	36
2749	20
2750	32
2751	37
2752	27
2753	30
2754	30
2755	43
2756	44
2757	20
2758	28
2759	38
2760	45
2761	44
2762	38
2763	33
2764	31
2765	29
2766	37
2767	33
2768	27
2769	37
2770	40
2771	31
2772	42
2773	40
2774	36
2775	36
2776	47
2777	26
2778	39
2779	34
2780	30
2781	40
2782	46
2783	42
2784	23
2785	30
2786	37
2787	33
2788	36
2789	31
2790	31
2791	39
2792	36
2793	39
2794	41
2795	36
2796	31
2797	31
2798	23
2799	20
2800	39
2801	31
2802	30
2803	27
2804	39
2805	33
2806	26
2807	33
2808	43
2809	30
2810	31
2811	37
2812	22
2813	35
2814	32
2815	26
2816	35
2817	39
2818	20
2819	28
2820	32
2821	28
2822	32
2823	30
2824	36
2825	40
2826	29
2827	34
2828	37
2829	38
2830	28
2831	30
2832	22
2833	40
2834	30
2835	25
2836	17
2837	20
2838	28
2839	19
2840	29
2841	32
2842	33
2843	29
2844	37
2845	40
2846	34
2847	38
2848	39
2849	41
2850	27
2851	31
2852	38
2853	36
2854	38
2855	36
2856	37
2857	30
2858	31
2859	35
2860	44
2861	32
2862	29
2863	25
2864	30
2865	34
2866	31
2867	28
2868	32
2869	11
2870	28
2871	29
2872	31
2873	25
2874	41
2875	27
2876	25
2877	30
2878	46
2879	26
2880	36
2881	38
2882	41
2883	18
2884	34
2885	33
2886	28
2887	32
2888	35
2889	29
2890	30
2891	34
2892	40
2893	28
2894	23
2895	27
2896	35
2897	31
2898	32
2899	36
2900	20
2901	45
2902	31
2903	28
2904	29
2905	38
2906	35
2907	33
2908	32
2909	27
2910	31
2911	33
2912	30
2913	27
2914	25
2915	34
2916	37
2917	27
2918	21
2919	35
2920	16
2921	25
2922	29
2923	36
2924	32
2925	39
2926	41
2927	23
2928	41
2929	33
2930	43
2931	36
2932	41
2933	16
2934	36
2935	38
2936	31
2937	23
2938	24
2939	40
2940	36
2941	45
2942	33
2943	29
2944	40
2945	26
2946	32
2947	32
2948	39
2949	28
2950	36
2951	19
2952	39
2953	44
2954	34
2955	29
2956	38
2957	39
2958	29
2959	35
2960	36
2961	29
2962	11
2963	39
2964	43
2965	25
2966	33
2967	45
2968	29
2969	24
2970	38
2971	33
2972	33
2973	31
2974	19
2975	28
2976	36
2977	26
2978	39
2979	30
2980	38
2981	26
2982	30
2983	36
2984	37
2985	38
2986	41
2987	31
2988	26
2989	30
2990	38
2991	34
2992	30
2993	26
2994	28
2995	21
2996	35
2997	41
2998	32
2999	26
3000	38
3001	34
3002	31
3003	34
3004	42
3005	30
3006	31
3007	29
3008	27
3009	32
3010	33
3011	38
3012	35
3013	25
3014	32
3015	30
3016	31
3017	31
3018	49
3019	35
3020	30
3021	33
3022	38
3023	30
3024	26
3025	30
3026	39
3027	34
3028	39
3029	31
3030	41
3031	34
3032	36
3033	37
3034	46
3035	28
3036	35
3037	26
3038	47
3039	42
3040	35
3041	36
3042	31
3043	31
3044	31
3045	35
3046	31
3047	33
3048	39
3049	36
3050	28
3051	44
3052	25
3053	34
3054	40
3055	44
3056	43
3057	29
3058	31
3059	43
3060	26
3061	14
3062	37
3063	38
3064	28
3065	35
3066	42
3067	42
3068	40
3069	31
3070	30
3071	45
3072	39
3073	45
3074	44
3075	39
3076	30
3077	35
3078	31
3079	32
3080	39
3081	45
3082	29
3083	32
3084	31
3085	28
3086	31
3087	39
3088	47
3089	34
3090	31
3091	26
3092	46
3093	31
3094	17
3095	29
3096	47
3097	32
3098	13
3099	31
3100	45
3101	35
3102	39
3103	19
3104	38
3105	27
3106	29
3107	24
3108	39
3109	37
3110	39
3111	27
3112	38
3113	30
3114	29
3115	46
3116	31
3117	34
3118	39
3119	40
3120	31
3121	46
3122	30
3123	48
3124	43
3125	39
3126	25
3127	39
3128	33
3129	31
3130	41
3131	31
3132	37
3133	31
3134	47
3135	45
3136	42
3137	36
3138	37
3139	38
3140	29
3141	39
3142	22
3143	34
3144	35
3145	19
3146	25
3147	36
3148	37
3149	33
3150	34
3151	36
3152	47
3153	32
3154	40
3155	38
3156	37
3157	41
3158	36
3159	36
3160	32
3161	41
3162	39
3163	34
3164	48
3165	40
3166	33
3167	40
3168	41
3169	41
3170	30
3171	30
3172	33
3173	39
3174	39
3175	39
3176	47
3177	46
3178	49
3179	31
3180	45
3181	38
3182	31
3183	34
3184	41
3185	32
3186	24
3187	20
3188	20
3189	27
3190	39
3191	24
3192	27
3193	34
3194	31
3195	27
3196	40
3197	29
3198	35
3199	39
3200	31
3201	32
3202	40
3203	39
3204	34
3205	40
3206	42
3207	21
3208	39
3209	41
3210	37
3211	36
3212	31
3213	42
3214	46
3215	33
3216	36
3217	31
3218	55
3219	35
3220	43
3221	31
3222	44
3223	30
3224	38
3225	38
3226	41
3227	42
3228	53
3229	39
3230	30
3231	49
3232	47
3233	36
3234	45
3235	29
3236	32
3237	45
3238	30
3239	20
3240	27
3241	46
3242	37
3243	28
3244	20
3245	29
3246	33
3247	29
3248	34
3249	41
3250	45
3251	31
3252	29
3253	38
3254	31
3255	42
3256	49
3257	31
3258	43
3259	39
3260	32
3261	32
3262	27
3263	36
3264	28
3265	41
3266	25
3267	44
3268	26
3269	45
3270	31
3271	37
3272	26
3273	34
3274	38
3275	37
3276	28
3277	28
3278	30
3279	38
3280	32
3281	30
3282	45
3283	42
3284	27
3285	38
3286	41
3287	41
3288	32
3289	30
3290	31
3291	42
3292	37
3293	40
3294	28
3295	28
3296	30
3297	22
3298	28
3299	35
3300	39
3301	38
3302	25
3303	25
3304	45
3305	34
3306	27
3307	34
3308	35
3309	34
3310	37
3311	39
3312	34
3313	37
3314	31
3315	35
3316	24
3317	42
3318	43
3319	37
3320	43
3321	36
3322	40
3323	30
3324	26
3325	35
3326	36
3327	27
3328	26
3329	25
3330	16
3331	24
3332	34
3333	47
3334	32
3335	33
3336	25
3337	36
3338	19
3339	31
3340	27
3341	25
3342	38
3343	39
3344	28
3345	29
3346	31
3347	30
3348	45
3349	34
3350	36
3351	33
3352	34
3353	34
3354	24
3355	35
3356	33
3357	28
3358	29
3359	30
3360	28
3361	36
3362	27
3363	27
3364	35
3365	29
3366	25
3367	34
3368	38
3369	27
3370	38
3371	28
3372	37
3373	31
3374	33
3375	32
3376	34
3377	30
3378	32
3379	25
3380	29
3381	28
3382	29
3383	31
3384	35
3385	27
3386	33
3387	19
3388	38
3389	36
3390	39
3391	29
3392	28
3393	39
3394	44
3395	35
3396	21
3397	30
3398	30
3399	36
3400	28
3401	34
3402	34
3403	32
3404	30
3405	25
3406	39
3407	41
3408	35
3409	34
3410	13
3411	31
3412	37
3413	35
3414	37
3415	28
3416	28
3417	25
3418	25
3419	31
3420	33
3421	30
3422	19
3423	40
3424	35
3425	29
3426	37
3427	33
3428	37
3429	34
3430	25
3431	34
3432	37
3433	28
3434	34
3435	30
3436	37
3437	30
3438	24
3439	35
3440	21
3441	36
3442	33
3443	29
3444	31
3445	38
3446	29
3447	37
3448	27
3449	32
3450	32
3451	31
3452	27
3453	32
3454	23
3455	34
3456	29
3457	35
3458	30
3459	28
3460	37
3461	20
3462	35
3463	31
3464	30
3465	31
3466	30
3467	32
3468	37
3469	24
3470	26
3471	34
3472	28
3473	14
3474	31
3475	30
3476	33
3477	24
3478	19
3479	33
3480	38
3481	37
3482	24
3483	28
3484	36
3485	15
3486	17
3487	30
3488	17
3489	25
3490	26
3491	33
3492	33
3493	35
3494	35
3495	32
3496	33
3497	26
3498	33
3499	34
3500	34
3501	30
3502	28
3503	34
3504	20
3505	29
3506	35
3507	30
3508	26
3509	36
3510	26
3511	32
3512	29
3513	29
3514	21
3515	26
3516	30
3517	33
3518	31
3519	29
3520	19
3521	22
3522	35
3523	31
3524	33
3525	25
3526	34
3527	26
3528	26
3529	34
3530	29
3531	29
3532	34
3533	34
3534	30
3535	30
3536	21
3537	22
3538	29
3539	32
3540	29
3541	27
3542	33
3543	34
3544	30
3545	23
3546	37
3547	34
3548	30
3549	25
3550	26
3551	33
3552	27
3553	32
3554	32
3555	27
3556	21
3557	26
3558	31
3559	32
3560	27
3561	32
3562	33
3563	33
3564	31
3565	27
3566	28
3567	28
3568	30
3569	28
3570	29
3571	27
3572	27
3573	31
3574	30
3575	31
3576	26
3577	36
3578	34
3579	27
3580	30
3581	32
3582	37
3583	23
3584	32
3585	27
3586	34
3587	28
3588	34
3589	33
3590	20
3591	28
3592	36
3593	31
3594	36
3595	28
3596	27
3597	36
3598	26
3599	32
3600	32
3601	30
3602	29
3603	35
3604	29
3605	29
3606	28
3607	32
3608	36
3609	25
3610	26
3611	32
3612	31
3613	30
3614	31
3615	31
3616	30
3617	24
3618	31
3619	15
3620	34
3621	33
3622	34
3623	34
3624	34
3625	32
3626	26
3627	35
3628	28
3629	26
3630	38
3631	35
3632	31
3633	33
3634	33
3635	31
3636	37
3637	26
3638	33
3639	31
3640	30
3641	31
3642	28
3643	39
3644	30
3645	25
3646	16
3647	30
3648	29
3649	34
3650	29
3651	27
3652	26
3653	31
3654	29
3655	27
3656	26
3657	26
3658	34
3659	26
3660	31
3661	32
3662	37
3663	28
3664	29
3665	27
3666	40
3667	36
3668	26
3669	33
3670	34
3671	31
3672	33
3673	35
3674	35
3675	30
3676	36
3677	32
3678	41
3679	28
3680	21
3681	36
3682	34
3683	22
3684	27
3685	45
3686	37
3687	32
3688	31
3689	26
3690	31
3691	33
3692	25
3693	32
3694	38
3695	25
3696	35
3697	29
3698	37
3699	25
3700	37
3701	27
3702	45
3703	33
3704	35
3705	27
3706	43
3707	30
3708	39
3709	37
3710	40
3711	32
3712	24
3713	26
3714	37
3715	35
3716	33
3717	35
3718	35
3719	25
3720	37
3721	33
3722	27
3723	40
3724	24
3725	29
3726	23
3727	38
3728	30
3729	31
3730	35
3731	38
3732	26
3733	29
3734	28
3735	39
3736	25
3737	33
3738	40
3739	34
3740	31
3741	31
3742	27
3743	26
3744	28
3745	26
3746	32
3747	28
3748	36
3749	32
3750	36
3751	20
3752	31
3753	34
3754	33
3755	28
3756	24
3757	39
3758	36
3759	41
3760	32
3761	21
3762	28
3763	36
3764	30
3765	41
3766	36
3767	36
3768	22
3769	30
3770	34
3771	31
3772	37
3773	44
3774	34
3775	45
3776	26
3777	34
3778	26
3779	29
3780	30
3781	24
3782	34
3783	37
3784	26
3785	37
3786	32
3787	26
3788	27
3789	24
3790	32
3791	31
3792	37
3793	23
3794	32
3795	36
3796	40
3797	43
3798	42
3799	35
3800	38
3801	36
3802	26
3803	29
3804	34
3805	29
3806	44
3807	38
3808	41
3809	25
3810	34
3811	40
3812	40
3813	33
3814	29
3815	29
3816	42
3817	38
3818	35
3819	17
3820	39
3821	33
3822	34
3823	27
3824	39
3825	31
3826	39
3827	31
3828	12
3829	26
3830	44
3831	37
3832	29
3833	26
3834	39
3835	29
3836	30
3837	40
3838	30
3839	29
3840	28
3841	24
3842	34
3843	37
3844	26
3845	24
3846	29
3847	28
3848	25
3849	35
3850	25
3851	26
3852	29
3853	32
3854	25
3855	37
3856	21
3857	22
3858	20
3859	35
3860	26
3861	15
3862	32
3863	33
3864	28
3865	21
3866	32
3867	17
3868	31
3869	37
3870	30
3871	32
3872	18
3873	35
3874	21
3875	26
3876	37
3877	29
3878	18
3879	34
3880	17
3881	36
3882	16
3883	25
3884	31
3885	39
3886	31
3887	31
3888	23
3889	36
3890	35
3891	42
3892	27
3893	30
3894	30
3895	32
3896	27
3897	29
3898	19
3899	35
3900	30
3901	33
3902	30
3903	12
3904	15
3905	26
3906	31
3907	25
3908	18
3909	14
3910	20
3911	31
3912	32
3913	26
3914	23
3915	25
3916	23
3917	18
3918	27
3919	29
3920	29
3921	22
3922	21
3923	26
3924	19
3925	20
3926	15
3927	27
3928	29
3929	18
3930	29
3931	27
3932	31
3933	36
3934	25
3935	29
3936	23
3937	25
3938	21
3939	20
3940	22
3941	30
3942	18
3943	27
3944	21
3945	12
3946	18
3947	18
3948	11
3949	26
3950	24
3951	23
3952	19
3953	14
3954	12
3955	21
3956	14
3957	13
3958	15
3959	21
3960	12
3961	21
3962	26
3963	15
3964	20
3965	26
3966	13
3967	17
3968	10
3969	19
3970	11
3971	24
3972	17
3973	22
3974	23
3975	17
3976	25
3977	11
3978	19
3979	19
3980	10
3981	26
3982	14
3983	16
3984	17
3985	26
3986	16
3987	18
3988	21
3989	11
3990	24
3991	16
3992	21
3993	23
3994	13
3995	19
3996	19
3997	18
3998	14
3999	15
