0	25
1	24
2	14
3	21
4	23
5	25
6	23
7	25
8	31
9	29
10	20
11	25
12	32
13	22
14	30
15	32
16	30
17	29
18	23
19	25
20	31
21	27
22	14
23	13
24	19
25	13
26	14
27	29
28	35
29	15
30	21
31	26
32	14
33	16
34	33
35	17
36	28
37	29
38	16
39	18
40	41
41	31
42	22
43	43
44	19
45	40
46	16
47	14
48	29
49	32
50	24
51	23
52	26
53	27
54	23
55	14
56	18
57	19
58	38
59	24
60	30
61	36
62	48
63	19
64	20
65	21
66	21
67	24
68	22
69	36
70	39
71	29
72	19
73	31
74	37
75	22
76	20
77	28
78	12
79	21
80	24
81	21
82	27
83	36
84	25
85	45
86	31
87	25
88	37
89	27
90	15
91	22
92	31
93	28
94	35
95	28
96	16
97	24
98	24
99	35
100	31
101	30
102	45
103	19
104	24
105	38
106	27
107	34
108	24
109	37
110	15
111	27
112	30
113	21
114	23
115	30
116	25
117	29
118	24
119	19
120	17
121	26
122	20
123	21
124	31
125	20
126	27
127	34
128	19
129	33
130	24
131	28
132	35
133	10
134	43
135	35
136	27
137	8
138	41
139	22
140	28
141	25
142	32
143	18
144	36
145	38
146	18
147	28
148	25
149	28
150	19
151	35
152	40
153	30
154	32
155	21
156	31
157	28
158	29
159	27
160	35
161	28
162	25
163	14
164	34
165	32
166	29
167	33
168	31
169	17
170	31
171	34
172	18
173	36
174	31
175	23
176	32
177	32
178	11
179	34
180	17
181	30
182	36
183	16
184	30
185	31
186	27
187	30
188	28
189	30
190	30
191	27
192	27
193	14
194	29
195	24
196	32
197	34
198	31
199	29
200	27
201	35
202	32
203	28
204	32
205	33
206	35
207	36
208	31
209	31
210	24
211	26
212	31
213	16
214	32
215	28
216	31
217	29
218	23
219	20
220	30
221	26
222	27
223	10
224	29
225	26
226	35
227	21
228	24
229	26
230	22
231	28
232	30
233	17
234	25
235	38
236	27
237	25
238	32
239	32
240	29
241	33
242	31
243	28
244	28
245	32
246	31
247	35
248	35
249	29
250	35
251	21
252	28
253	31
254	28
255	21
256	27
257	28
258	15
259	28
260	28
261	24
262	28
263	31
264	34
265	27
266	33
267	35
268	33
269	25
270	34
271	22
272	28
273	33
274	27
275	33
276	28
277	29
278	31
279	37
280	38
281	28
282	15
283	40
284	38
285	16
286	35
287	15
288	31
289	29
290	31
291	27
292	38
293	29
294	34
295	24
296	33
297	36
298	28
299	28
300	27
301	34
302	30
303	30
304	37
305	31
306	23
307	24
308	23
309	36
310	21
311	33
312	32
313	24
314	30
315	36
316	30
317	32
318	46
319	31
320	33
321	31
322	42
323	24
324	32
325	27
326	19
327	24
328	32
329	40
330	34
331	30
332	29
333	30
334	33
335	36
336	38
337	31
338	27
339	40
340	28
341	29
342	29
343	17
344	40
345	31
346	31
347	40
348	19
349	21
350	17
351	41
352	20
353	42
354	30
355	41
356	21
357	30
358	20
359	46
360	39
361	29
362	29
363	33
364	30
365	27
366	17
367	19
368	45
369	19
370	45
371	31
372	41
373	30
374	29
375	39
376	39
377	32
378	41
379	32
380	41
381	24
382	34
383	27
384	36
385	44
386	34
387	19
388	46
389	21
390	45
391	23
392	17
393	37
394	19
395	19
396	34
397	29
398	34
399	33
400	46
401	34
402	18
403	45
404	29
405	36
406	27
407	33
408	22
409	38
410	25
411	33
412	44
413	39
414	29
415	36
416	34
417	18
418	32
419	42
420	30
421	43
422	41
423	31
424	40
425	38
426	38
427	43
428	45
429	39
430	29
431	33
432	30
433	30
434	28
435	35
436	33
437	30
438	26
439	33
440	20
441	23
442	24
443	39
444	39
445	28
446	37
447	27
448	31
449	21
450	44
451	20
452	30
453	32
454	35
455	38
456	36
457	28
458	36
459	37
460	31
461	31
462	37
463	35
464	43
465	21
466	36
467	29
468	37
469	26
470	36
471	19
472	32
473	27
474	32
475	29
476	37
477	36
478	31
479	27
480	35
481	31
482	24
483	33
484	27
485	31
486	17
487	33
488	27
489	44
490	44
491	41
492	32
493	30
494	36
495	35
496	36
497	17
498	14
499	32
500	26
501	28
502	44
503	34
504	40
505	24
506	28
507	26
508	40
509	28
510	36
511	34
512	34
513	23
514	32
515	35
516	33
517	28
518	23
519	36
520	18
521	38
522	34
523	31
524	24
525	32
526	28
527	28
528	42
529	34
530	26
531	35
532	36
533	29
534	16
535	32
536	35
537	30
538	35
539	29
540	34
541	38
542	44
543	29
544	19
545	30
546	40
547	34
548	46
549	33
550	34
551	31
552	44
553	28
554	28
555	39
556	27
557	22
558	22
559	32
560	37
561	36
562	32
563	29
564	27
565	37
566	28
567	22
568	36
569	35
570	27
571	21
572	27
573	37
574	32
575	35
576	28
577	30
578	28
579	32
580	30
581	32
582	27
583	36
584	27
585	29
586	27
587	37
588	28
589	24
590	34
591	24
592	32
593	29
594	35
595	28
596	33
597	24
598	28
599	32
600	27
601	26
602	24
603	26
604	24
605	38
606	31
607	38
608	27
609	22
610	26
611	40
612	19
613	26
614	34
615	24
616	31
617	31
618	26
619	12
620	31
621	33
622	32
623	31
624	33
625	34
626	24
627	24
628	25
629	29
630	26
631	41
632	37
633	23
634	30
635	34
636	34
637	25
638	26
639	38
640	36
641	38
642	31
643	35
644	26
645	35
646	16
647	24
648	34
649	34
650	35
651	35
652	36
653	25
654	35
655	33
656	31
657	13
658	30
659	27
660	28
661	29
662	31
663	33
664	29
665	32
666	38
667	23
668	27
669	22
670	31
671	23
672	24
673	24
674	22
675	26
676	31
677	31
678	28
679	33
680	32
681	34
682	31
683	23
684	32
685	30
686	39
687	29
688	24
689	20
690	30
691	31
692	28
693	23
694	41
695	27
696	37
697	40
698	38
699	39
700	34
701	34
702	23
703	35
704	21
705	21
706	36
707	34
708	40
709	43
710	35
711	39
712	32
713	29
714	24
715	33
716	30
717	31
718	41
719	39
720	37
721	33
722	38
723	33
724	23
725	40
726	25
727	20
728	39
729	28
730	29
731	33
732	25
733	28
734	31
735	21
736	30
737	33
738	25
739	16
740	25
741	37
742	34
743	25
744	28
745	38
746	35
747	36
748	35
749	28
750	28
751	36
752	43
753	31
754	28
755	30
756	34
757	37
758	20
759	42
760	33
761	27
762	30
763	32
764	35
765	34
766	36
767	24
768	33
769	41
770	39
771	24
772	26
773	38
774	26
775	30
776	30
777	13
778	32
779	21
780	27
781	36
782	42
783	27
784	32
785	28
786	43
787	28
788	29
789	28
790	35
791	31
792	27
793	32
794	33
795	24
796	30
797	21
798	31
799	30
800	32
801	41
802	30
803	36
804	32
805	32
806	10
807	19
808	26
809	28
810	39
811	45
812	36
813	28
814	30
815	33
816	20
817	22
818	30
819	38
820	32
821	19
822	35
823	36
824	25
825	24
826	17
827	41
828	28
829	33
830	26
831	35
832	33
833	32
834	32
835	23
836	34
837	45
838	28
839	30
840	30
841	23
842	22
843	34
844	25
845	34
846	36
847	41
848	32
849	33
850	33
851	31
852	35
853	26
854	35
855	40
856	33
857	15
858	31
859	29
860	29
861	35
862	29
863	29
864	26
865	31
866	42
867	36
868	25
869	32
870	29
871	33
872	33
873	48
874	34
875	29
876	32
877	31
878	37
879	27
880	44
881	27
882	27
883	26
884	34
885	47
886	31
887	48
888	33
889	19
890	44
891	26
892	34
893	21
894	23
895	29
896	43
897	26
898	35
899	28
900	22
901	30
902	37
903	25
904	47
905	33
906	28
907	24
908	25
909	34
910	23
911	25
912	27
913	33
914	21
915	25
916	32
917	37
918	37
919	24
920	25
921	32
922	25
923	34
924	29
925	31
926	31
927	16
928	20
929	30
930	33
931	36
932	37
933	36
934	18
935	29
936	26
937	32
938	29
939	22
940	36
941	28
942	30
943	21
944	35
945	28
946	32
947	31
948	16
949	31
950	31
951	37
952	28
953	30
954	27
955	28
956	34
957	30
958	33
959	26
960	22
961	30
962	28
963	21
964	31
965	30
966	24
967	31
968	37
969	35
970	31
971	33
972	24
973	39
974	35
975	31
976	31
977	35
978	39
979	30
980	34
981	41
982	28
983	33
984	29
985	20
986	36
987	32
988	39
989	39
990	34
991	28
992	36
993	35
994	39
995	31
996	37
997	29
998	33
999	33
1000	16
1001	36
1002	33
1003	17
1004	20
1005	39
1006	30
1007	30
1008	33
1009	34
1010	35
1011	35
1012	34
1013	26
1014	33
1015	33
1016	26
1017	30
1018	27
1019	26
1020	32
1021	31
1022	33
1023	36
1024	38
1025	31
1026	29
1027	35
1028	37
1029	44
1030	34
1031	33
1032	17
1033	38
1034	26
1035	35
1036	38
1037	33
1038	39
1039	29
1040	32
1041	34
1042	34
1043	35
1044	27
1045	31
1046	32
1047	34
1048	34
1049	33
1050	30
1051	37
1052	35
1053	33
1054	35
1055	33
1056	30
1057	25
1058	35
1059	37
1060	33
1061	29
1062	30
1063	36
1064	37
1065	30
1066	29
1067	39
1068	36
1069	32
1070	32
1071	36
1072	30
1073	37
1074	38
1075	30
1076	36
1077	30
1078	34
1079	35
1080	28
1081	31
1082	36
1083	32
1084	36
1085	29
1086	35
1087	36
1088	27
1089	27
1090	29
1091	35
1092	19
1093	19
1094	37
1095	29
1096	31
1097	27
1098	36
1099	28
1100	22
1101	33
1102	19
1103	37
1104	41
1105	30
1106	30
1107	38
1108	28
1109	38
1110	24
1111	29
1112	38
1113	29
1114	29
1115	36
1116	22
1117	23
1118	35
1119	39
1120	38
1121	24
1122	29
1123	28
1124	32
1125	33
1126	28
1127	31
1128	32
1129	30
1130	34
1131	30
1132	34
1133	41
1134	28
1135	37
1136	31
1137	28
1138	29
1139	28
1140	32
1141	26
1142	29
1143	29
1144	30
1145	38
1146	25
1147	33
1148	30
1149	43
1150	37
1151	25
1152	30
1153	19
1154	27
1155	32
1156	19
1157	34
1158	35
1159	41
1160	37
1161	30
1162	35
1163	40
1164	31
1165	19
1166	20
1167	37
1168	30
1169	43
1170	37
1171	34
1172	25
1173	26
1174	35
1175	27
1176	26
1177	24
1178	34
1179	26
1180	34
1181	39
1182	35
1183	24
1184	40
1185	34
1186	29
1187	35
1188	34
1189	39
1190	31
1191	37
1192	27
1193	41
1194	29
1195	41
1196	32
1197	28
1198	28
1199	28
1200	34
1201	30
1202	42
1203	31
1204	36
1205	35
1206	37
1207	30
1208	29
1209	30
1210	33
1211	37
1212	29
1213	37
1214	23
1215	30
1216	37
1217	27
1218	30
1219	27
1220	27
1221	33
1222	39
1223	32
1224	29
1225	37
1226	33
1227	24
1228	30
1229	29
1230	30
1231	39
1232	39
1233	40
1234	30
1235	32
1236	33
1237	36
1238	38
1239	37
1240	28
1241	22
1242	30
1243	34
1244	39
1245	42
1246	35
1247	39
1248	14
1249	40
1250	35
1251	29
1252	26
1253	27
1254	30
1255	27
1256	24
1257	37
1258	32
1259	38
1260	40
1261	31
1262	38
1263	41
1264	42
1265	36
1266	38
1267	29
1268	38
1269	34
1270	41
1271	28
1272	39
1273	34
1274	41
1275	30
1276	33
1277	31
1278	33
1279	33
1280	31
1281	28
1282	32
1283	37
1284	29
1285	42
1286	29
1287	37
1288	16
1289	28
1290	40
1291	30
1292	41
1293	40
1294	35
1295	40
1296	24
1297	31
1298	26
1299	26
1300	33
1301	29
1302	37
1303	32
1304	31
1305	40
1306	29
1307	32
1308	40
1309	35
1310	35
1311	40
1312	34
1313	34
1314	27
1315	27
1316	38
1317	26
1318	29
1319	39
1320	32
1321	40
1322	37
1323	30
1324	32
1325	27
1326	40
1327	36
1328	30
1329	30
1330	32
1331	31
1332	38
1333	27
1334	31
1335	31
1336	32
1337	38
1338	40
1339	34
1340	30
1341	30
1342	19
1343	33
1344	28
1345	37
1346	29
1347	38
1348	44
1349	41
1350	28
1351	27
1352	32
1353	29
1354	36
1355	35
1356	40
1357	35
1358	25
1359	29
1360	33
1361	34
1362	28
1363	36
1364	38
1365	32
1366	30
1367	29
1368	27
1369	40
1370	35
1371	40
1372	35
1373	31
1374	37
1375	41
1376	27
1377	31
1378	30
1379	34
1380	28
1381	32
1382	35
1383	42
1384	24
1385	22
1386	31
1387	35
1388	41
1389	32
1390	35
1391	39
1392	34
1393	24
1394	41
1395	24
1396	27
1397	33
1398	33
1399	41
1400	23
1401	27
1402	29
1403	32
1404	34
1405	24
1406	36
1407	26
1408	35
1409	26
1410	29
1411	29
1412	29
1413	40
1414	36
1415	33
1416	36
1417	41
1418	38
1419	31
1420	20
1421	24
1422	35
1423	40
1424	27
1425	37
1426	44
1427	39
1428	27
1429	37
1430	39
1431	28
1432	42
1433	32
1434	30
1435	33
1436	27
1437	28
1438	31
1439	27
1440	28
1441	26
1442	27
1443	40
1444	27
1445	32
1446	30
1447	33
1448	31
1449	33
1450	24
1451	32
1452	40
1453	25
1454	24
1455	21
1456	28
1457	35
1458	31
1459	39
1460	30
1461	28
1462	37
1463	34
1464	28
1465	33
1466	42
1467	40
1468	34
1469	28
1470	23
1471	30
1472	34
1473	32
1474	31
1475	28
1476	30
1477	26
1478	39
1479	32
1480	37
1481	40
1482	28
1483	27
1484	33
1485	15
1486	34
1487	37
1488	37
1489	37
1490	25
1491	39
1492	42
1493	40
1494	30
1495	42
1496	31
1497	33
1498	27
1499	41
1500	27
1501	40
1502	23
1503	42
1504	38
1505	28
1506	34
1507	27
1508	39
1509	18
1510	42
1511	35
1512	31
1513	33
1514	40
1515	35
1516	36
1517	29
1518	20
1519	33
1520	31
1521	38
1522	27
1523	26
1524	33
1525	32
1526	36
1527	39
1528	28
1529	30
1530	34
1531	28
1532	27
1533	25
1534	34
1535	28
1536	36
1537	34
1538	25
1539	23
1540	37
1541	36
1542	29
1543	34
1544	38
1545	38
1546	41
1547	34
1548	35
1549	35
1550	36
1551	27
1552	36
1553	41
1554	32
1555	26
1556	35
1557	34
1558	34
1559	28
1560	33
1561	31
1562	35
1563	43
1564	36
1565	27
1566	16
1567	33
1568	38
1569	29
1570	38
1571	25
1572	28
1573	28
1574	38
1575	35
1576	30
1577	37
1578	23
1579	31
1580	30
1581	37
1582	39
1583	38
1584	27
1585	35
1586	11
1587	34
1588	26
1589	31
1590	30
1591	37
1592	32
1593	33
1594	24
1595	31
1596	31
1597	41
1598	31
1599	28
1600	28
1601	28
1602	41
1603	31
1604	26
1605	35
1606	27
1607	32
1608	38
1609	36
1610	31
1611	32
1612	39
1613	31
1614	25
1615	30
1616	17
1617	30
1618	32
1619	34
1620	34
1621	41
1622	35
1623	36
1624	23
1625	27
1626	27
1627	31
1628	35
1629	26
1630	36
1631	33
1632	33
1633	21
1634	30
1635	23
1636	33
1637	35
1638	29
1639	31
1640	36
1641	29
1642	32
1643	28
1644	28
1645	31
1646	29
1647	21
1648	30
1649	28
1650	23
1651	28
1652	36
1653	25
1654	37
1655	33
1656	28
1657	30
1658	33
1659	28
1660	35
1661	32
1662	33
1663	31
1664	25
1665	31
1666	38
1667	34
1668	30
1669	31
1670	32
1671	29
1672	16
1673	29
1674	25
1675	27
1676	46
1677	36
1678	29
1679	35
1680	31
1681	38
1682	39
1683	36
1684	44
1685	30
1686	41
1687	29
1688	39
1689	29
1690	26
1691	30
1692	25
1693	36
1694	38
1695	31
1696	34
1697	34
1698	31
1699	31
1700	24
1701	36
1702	30
1703	31
1704	33
1705	33
1706	40
1707	30
1708	31
1709	36
1710	32
1711	36
1712	28
1713	39
1714	30
1715	30
1716	30
1717	29
1718	35
1719	31
1720	41
1721	30
1722	33
1723	37
1724	27
1725	34
1726	28
1727	27
1728	33
1729	34
1730	30
1731	27
1732	20
1733	33
1734	37
1735	27
1736	30
1737	32
1738	33
1739	31
1740	27
1741	30
1742	36
1743	37
1744	31
1745	27
1746	37
1747	36
1748	28
1749	25
1750	26
1751	39
1752	32
1753	24
1754	34
1755	32
1756	36
1757	32
1758	38
1759	40
1760	34
1761	25
1762	37
1763	25
1764	25
1765	40
1766	34
1767	29
1768	35
1769	31
1770	19
1771	30
1772	25
1773	31
1774	34
1775	36
1776	33
1777	36
1778	29
1779	29
1780	27
1781	36
1782	25
1783	40
1784	37
1785	36
1786	24
1787	29
1788	26
1789	30
1790	31
1791	37
1792	37
1793	33
1794	29
1795	28
1796	36
1797	39
1798	31
1799	29
1800	30
1801	30
1802	32
1803	31
1804	32
1805	32
1806	25
1807	20
1808	27
1809	39
1810	34
1811	31
1812	36
1813	32
1814	32
1815	38
1816	31
1817	29
1818	36
1819	21
1820	31
1821	33
1822	28
1823	36
1824	28
1825	26
1826	33
1827	32
1828	30
1829	33
1830	35
1831	21
1832	36
1833	29
1834	45
1835	34
1836	33
1837	23
1838	33
1839	36
1840	32
1841	34
1842	22
1843	33
1844	40
1845	35
1846	18
1847	41
1848	33
1849	38
1850	29
1851	36
1852	25
1853	36
1854	31
1855	31
1856	36
1857	40
1858	38
1859	29
1860	28
1861	32
1862	36
1863	40
1864	29
1865	24
1866	39
1867	27
1868	36
1869	32
1870	30
1871	32
1872	28
1873	37
1874	37
1875	39
1876	37
1877	35
1878	32
1879	27
1880	35
1881	29
1882	17
1883	39
1884	30
1885	18
1886	41
1887	36
1888	38
1889	29
1890	32
1891	34
1892	40
1893	33
1894	39
1895	33
1896	32
1897	36
1898	33
1899	23
1900	27
1901	31
1902	28
1903	31
1904	32
1905	35
1906	45
1907	39
1908	43
1909	30
1910	37
1911	36
1912	28
1913	34
1914	36
1915	44
1916	37
1917	39
1918	30
1919	28
1920	28
1921	33
1922	32
1923	26
1924	37
1925	35
1926	25
1927	33
1928	47
1929	22
1930	34
1931	34
1932	32
1933	36
1934	43
1935	35
1936	43
1937	44
1938	29
1939	33
1940	36
1941	48
1942	48
1943	26
1944	29
1945	33
1946	46
1947	36
1948	31
1949	20
1950	32
1951	31
1952	32
1953	40
1954	35
1955	36
1956	32
1957	28
1958	30
1959	36
1960	31
1961	33
1962	27
1963	38
1964	35
1965	37
1966	40
1967	23
1968	36
1969	31
1970	30
1971	35
1972	27
1973	32
1974	32
1975	28
1976	38
1977	45
1978	30
1979	43
1980	33
1981	38
1982	35
1983	44
1984	31
1985	32
1986	24
1987	36
1988	32
1989	32
1990	33
1991	36
1992	29
1993	39
1994	32
1995	45
1996	33
1997	22
1998	32
1999	31
2000	39
2001	37
2002	40
2003	31
2004	36
2005	27
2006	39
2007	32
2008	29
2009	33
2010	42
2011	48
2012	21
2013	29
2014	27
2015	36
2016	29
2017	34
2018	34
2019	40
2020	33
2021	41
2022	33
2023	36
2024	29
2025	32
2026	42
2027	35
2028	26
2029	32
2030	39
2031	33
2032	34
2033	27
2034	30
2035	48
2036	24
2037	33
2038	33
2039	34
2040	35
2041	36
2042	30
2043	24
2044	31
2045	43
2046	20
2047	30
2048	37
2049	35
2050	28
2051	40
2052	29
2053	33
2054	32
2055	35
2056	29
2057	46
2058	38
2059	28
2060	34
2061	21
2062	32
2063	39
2064	33
2065	38
2066	35
2067	43
2068	37
2069	35
2070	43
2071	41
2072	23
2073	37
2074	37
2075	36
2076	20
2077	25
2078	41
2079	40
2080	44
2081	39
2082	37
2083	44
2084	29
2085	38
2086	39
2087	37
2088	26
2089	43
2090	39
2091	28
2092	35
2093	30
2094	29
2095	36
2096	29
2097	34
2098	25
2099	37
2100	30
2101	32
2102	41
2103	31
2104	39
2105	33
2106	42
2107	39
2108	28
2109	37
2110	31
2111	39
2112	27
2113	25
2114	31
2115	36
2116	32
2117	37
2118	17
2119	44
2120	31
2121	34
2122	45
2123	36
2124	27
2125	29
2126	37
2127	34
2128	36
2129	36
2130	33
2131	29
2132	40
2133	37
2134	31
2135	35
2136	30
2137	34
2138	27
2139	28
2140	29
2141	34
2142	34
2143	32
2144	36
2145	18
2146	33
2147	25
2148	39
2149	29
2150	43
2151	26
2152	47
2153	26
2154	34
2155	33
2156	33
2157	26
2158	27
2159	28
2160	40
2161	35
2162	28
2163	36
2164	41
2165	38
2166	30
2167	31
2168	36
2169	26
2170	35
2171	26
2172	34
2173	46
2174	34
2175	36
2176	28
2177	33
2178	24
2179	37
2180	29
2181	36
2182	26
2183	28
2184	38
2185	28
2186	27
2187	28
2188	30
2189	34
2190	39
2191	34
2192	31
2193	26
2194	44
2195	35
2196	33
2197	42
2198	35
2199	39
2200	25
2201	27
2202	43
2203	40
2204	39
2205	43
2206	31
2207	32
2208	43
2209	31
2210	44
2211	33
2212	29
2213	34
2214	40
2215	35
2216	32
2217	37
2218	34
2219	34
2220	33
2221	27
2222	31
2223	37
2224	21
2225	42
2226	41
2227	30
2228	33
2229	27
2230	36
2231	31
2232	45
2233	40
2234	36
2235	36
2236	20
2237	28
2238	26
2239	42
2240	33
2241	31
2242	41
2243	33
2244	26
2245	32
2246	42
2247	24
2248	30
2249	43
2250	38
2251	42
2252	21
2253	28
2254	31
2255	28
2256	29
2257	33
2258	30
2259	31
2260	31
2261	40
2262	29
2263	29
2264	39
2265	35
2266	33
2267	35
2268	32
2269	41
2270	31
2271	30
2272	25
2273	29
2274	26
2275	29
2276	30
2277	31
2278	32
2279	26
2280	24
2281	31
2282	35
2283	29
2284	20
2285	29
2286	30
2287	32
2288	40
2289	24
2290	31
2291	32
2292	35
2293	35
2294	46
2295	30
2296	36
2297	29
2298	38
2299	31
2300	35
2301	33
2302	19
2303	32
2304	35
2305	43
2306	25
2307	24
2308	25
2309	32
2310	28
2311	30
2312	21
2313	34
2314	21
2315	38
2316	35
2317	32
2318	30
2319	32
2320	35
2321	37
2322	34
2323	34
2324	28
2325	40
2326	29
2327	19
2328	32
2329	37
2330	31
2331	43
2332	30
2333	34
2334	35
2335	24
2336	35
2337	37
2338	34
2339	28
2340	38
2341	35
2342	31
2343	24
2344	27
2345	35
2346	30
2347	31
2348	32
2349	35
2350	35
2351	22
2352	29
2353	35
2354	35
2355	33
2356	35
2357	33
2358	33
2359	32
2360	34
2361	27
2362	33
2363	34
2364	21
2365	36
2366	35
2367	27
2368	30
2369	22
2370	33
2371	22
2372	36
2373	24
2374	28
2375	29
2376	28
2377	19
2378	30
2379	36
2380	32
2381	31
2382	15
2383	34
2384	26
2385	12
2386	12
2387	34
2388	32
2389	39
2390	26
2391	32
2392	30
2393	26
2394	36
2395	25
2396	31
2397	27
2398	33
2399	34
2400	31
2401	24
2402	38
2403	34
2404	34
2405	30
2406	31
2407	32
2408	30
2409	29
2410	27
2411	33
2412	33
2413	28
2414	25
2415	33
2416	16
2417	22
2418	14
2419	36
2420	30
2421	31
2422	28
2423	28
2424	29
2425	37
2426	33
2427	26
2428	25
2429	25
2430	31
2431	17
2432	32
2433	19
2434	33
2435	17
2436	25
2437	31
2438	29
2439	15
2440	17
2441	18
2442	31
2443	36
2444	42
2445	25
2446	26
2447	34
2448	24
2449	31
2450	25
2451	24
2452	29
2453	26
2454	28
2455	27
2456	33
2457	39
2458	30
2459	30
2460	28
2461	17
2462	29
2463	25
2464	31
2465	42
2466	32
2467	28
2468	24
2469	38
2470	22
2471	32
2472	33
2473	28
2474	24
2475	31
2476	30
2477	33
2478	27
2479	15
2480	20
2481	17
2482	26
2483	29
2484	16
2485	38
2486	28
2487	25
2488	29
2489	27
2490	32
2491	34
2492	28
2493	13
2494	25
2495	28
2496	24
2497	27
2498	19
2499	29
2500	29
2501	25
2502	31
2503	28
2504	32
2505	31
2506	30
2507	26
2508	32
2509	29
2510	25
2511	31
2512	28
2513	34
2514	29
2515	29
2516	21
2517	31
2518	29
2519	27
2520	31
2521	22
2522	15
2523	34
2524	21
2525	25
2526	22
2527	20
2528	39
2529	29
2530	28
2531	31
2532	37
2533	31
2534	32
2535	30
2536	26
2537	35
2538	35
2539	31
2540	27
2541	29
2542	29
2543	28
2544	25
2545	34
2546	35
2547	33
2548	27
2549	21
2550	24
2551	29
2552	29
2553	25
2554	31
2555	31
2556	30
2557	29
2558	21
2559	35
2560	27
2561	21
2562	28
2563	30
2564	30
2565	29
2566	30
2567	29
2568	28
2569	37
2570	38
2571	28
2572	22
2573	30
2574	30
2575	33
2576	30
2577	31
2578	24
2579	21
2580	33
2581	20
2582	30
2583	23
2584	26
2585	33
2586	23
2587	34
2588	15
2589	26
2590	30
2591	25
2592	26
2593	29
2594	25
2595	22
2596	29
2597	20
2598	36
2599	29
2600	29
2601	29
2602	29
2603	32
2604	24
2605	38
2606	24
2607	20
2608	33
2609	27
2610	25
2611	38
2612	30
2613	23
2614	30
2615	24
2616	23
2617	23
2618	24
2619	27
2620	36
2621	28
2622	15
2623	34
2624	25
2625	30
2626	20
2627	25
2628	30
2629	24
2630	25
2631	37
2632	30
2633	21
2634	27
2635	27
2636	36
2637	39
2638	30
2639	21
2640	39
2641	35
2642	25
2643	31
2644	26
2645	29
2646	31
2647	22
2648	28
2649	30
2650	24
2651	26
2652	25
2653	31
2654	31
2655	23
2656	28
2657	25
2658	29
2659	31
2660	23
2661	27
2662	25
2663	29
2664	19
2665	17
2666	33
2667	33
2668	30
2669	24
2670	26
2671	34
2672	31
2673	33
2674	26
2675	24
2676	23
2677	25
2678	22
2679	35
2680	27
2681	28
2682	25
2683	26
2684	34
2685	37
2686	27
2687	33
2688	24
2689	35
2690	15
2691	20
2692	26
2693	15
2694	25
2695	30
2696	19
2697	24
2698	29
2699	30
2700	32
2701	35
2702	24
2703	30
2704	27
2705	26
2706	32
2707	35
2708	31
2709	33
2710	29
2711	34
2712	30
2713	22
2714	27
2715	23
2716	25
2717	33
2718	27
2719	36
2720	31
2721	26
2722	26
2723	27
2724	20
2725	32
2726	29
2727	16
2728	28
2729	26
2730	35
2731	28
2732	23
2733	30
2734	29
2735	24
2736	21
2737	23
2738	31
2739	36
2740	34
2741	17
2742	29
2743	26
2744	32
2745	32
2746	31
2747	32
2748	20
2749	20
2750	29
2751	25
2752	27
2753	25
2754	23
2755	26
2756	32
2757	16
2758	25
2759	30
2760	26
2761	31
2762	26
2763	27
2764	24
2765	27
2766	37
2767	20
2768	25
2769	22
2770	25
2771	26
2772	19
2773	30
2774	29
2775	27
2776	24
2777	37
2778	13
2779	24
2780	30
2781	32
2782	18
2783	24
2784	19
2785	25
2786	31
2787	30
2788	21
2789	19
2790	26
2791	27
2792	26
2793	22
2794	30
2795	31
2796	30
2797	29
2798	31
2799	27
2800	31
2801	29
2802	42
2803	17
2804	38
2805	25
2806	26
2807	36
2808	29
2809	20
2810	24
2811	31
2812	29
2813	25
2814	27
2815	31
2816	27
2817	39
2818	25
2819	28
2820	23
2821	30
2822	33
2823	24
2824	26
2825	29
2826	27
2827	31
2828	31
2829	25
2830	43
2831	31
2832	26
2833	30
2834	27
2835	25
2836	26
2837	28
2838	31
2839	29
2840	29
2841	28
2842	32
2843	41
2844	32
2845	15
2846	23
2847	30
2848	29
2849	25
2850	22
2851	30
2852	31
2853	44
2854	27
2855	28
2856	33
2857	25
2858	35
2859	24
2860	27
2861	26
2862	26
2863	32
2864	29
2865	21
2866	25
2867	29
2868	25
2869	26
2870	29
2871	29
2872	25
2873	27
2874	30
2875	23
2876	36
2877	16
2878	26
2879	41
2880	29
2881	31
2882	29
2883	26
2884	28
2885	27
2886	26
2887	27
2888	23
2889	37
2890	25
2891	35
2892	26
2893	29
2894	30
2895	24
2896	37
2897	28
2898	26
2899	24
2900	21
2901	27
2902	32
2903	17
2904	37
2905	35
2906	26
2907	29
2908	21
2909	26
2910	17
2911	42
2912	34
2913	25
2914	34
2915	39
2916	34
2917	35
2918	36
2919	32
2920	36
2921	37
2922	27
2923	27
2924	31
2925	36
2926	30
2927	38
2928	24
2929	24
2930	23
2931	32
2932	35
2933	25
2934	14
2935	30
2936	26
2937	41
2938	37
2939	34
2940	31
2941	33
2942	37
2943	25
2944	26
2945	22
2946	32
2947	26
2948	29
2949	29
2950	35
2951	23
2952	19
2953	32
2954	30
2955	28
2956	30
2957	24
2958	21
2959	24
2960	26
2961	36
2962	22
2963	28
2964	30
2965	30
2966	30
2967	21
2968	30
2969	26
2970	27
2971	38
2972	22
2973	25
2974	22
2975	29
2976	23
2977	35
2978	28
2979	23
2980	42
2981	36
2982	37
2983	26
2984	36
2985	36
2986	39
2987	35
2988	31
2989	33
2990	27
2991	32
2992	35
2993	20
2994	31
2995	28
2996	24
2997	35
2998	27
2999	32
3000	38
3001	13
3002	17
3003	26
3004	37
3005	34
3006	29
3007	27
3008	23
3009	25
3010	36
3011	24
3012	34
3013	21
3014	30
3015	26
3016	19
3017	35
3018	29
3019	26
3020	26
3021	30
3022	29
3023	37
3024	36
3025	36
3026	38
3027	32
3028	40
3029	33
3030	32
3031	30
3032	23
3033	26
3034	26
3035	31
3036	37
3037	31
3038	34
3039	28
3040	19
3041	20
3042	32
3043	45
3044	27
3045	30
3046	28
3047	22
3048	37
3049	36
3050	34
3051	41
3052	32
3053	22
3054	25
3055	37
3056	24
3057	29
3058	30
3059	21
3060	34
3061	41
3062	25
3063	36
3064	42
3065	33
3066	20
3067	37
3068	33
3069	26
3070	27
3071	29
3072	27
3073	25
3074	37
3075	39
3076	21
3077	35
3078	30
3079	28
3080	18
3081	27
3082	33
3083	36
3084	40
3085	23
3086	29
3087	35
3088	34
3089	40
3090	33
3091	25
3092	41
3093	28
3094	40
3095	35
3096	38
3097	34
3098	35
3099	18
3100	34
3101	28
3102	21
3103	39
3104	35
3105	41
3106	39
3107	39
3108	29
3109	41
3110	27
3111	28
3112	34
3113	40
3114	35
3115	35
3116	39
3117	23
3118	40
3119	41
3120	40
3121	38
3122	24
3123	37
3124	42
3125	30
3126	32
3127	27
3128	32
3129	41
3130	36
3131	40
3132	36
3133	32
3134	28
3135	30
3136	31
3137	39
3138	37
3139	19
3140	27
3141	39
3142	36
3143	24
3144	29
3145	40
3146	27
3147	31
3148	32
3149	34
3150	35
3151	32
3152	34
3153	32
3154	31
3155	30
3156	40
3157	41
3158	23
3159	35
3160	28
3161	26
3162	42
3163	27
3164	29
3165	31
3166	45
3167	32
3168	30
3169	22
3170	34
3171	37
3172	22
3173	36
3174	38
3175	30
3176	21
3177	28
3178	37
3179	36
3180	37
3181	26
3182	37
3183	34
3184	28
3185	27
3186	33
3187	35
3188	37
3189	30
3190	33
3191	38
3192	32
3193	35
3194	33
3195	28
3196	36
3197	33
3198	30
3199	36
3200	36
3201	37
3202	39
3203	38
3204	37
3205	27
3206	39
3207	27
3208	28
3209	19
3210	32
3211	23
3212	31
3213	44
3214	37
3215	27
3216	43
3217	21
3218	32
3219	33
3220	32
3221	16
3222	34
3223	31
3224	19
3225	36
3226	28
3227	37
3228	26
3229	42
3230	33
3231	31
3232	27
3233	28
3234	31
3235	17
3236	46
3237	36
3238	35
3239	29
3240	37
3241	36
3242	32
3243	39
3244	30
3245	36
3246	33
3247	23
3248	43
3249	31
3250	42
3251	41
3252	27
3253	37
3254	25
3255	28
3256	35
3257	35
3258	29
3259	27
3260	36
3261	36
3262	16
3263	31
3264	32
3265	38
3266	33
3267	38
3268	24
3269	29
3270	31
3271	40
3272	31
3273	30
3274	35
3275	34
3276	37
3277	26
3278	34
3279	27
3280	30
3281	27
3282	38
3283	33
3284	29
3285	31
3286	35
3287	17
3288	32
3289	37
3290	31
3291	30
3292	38
3293	29
3294	28
3295	29
3296	30
3297	29
3298	29
3299	36
3300	30
3301	23
3302	30
3303	25
3304	38
3305	30
3306	37
3307	33
3308	36
3309	28
3310	38
3311	28
3312	28
3313	30
3314	40
3315	24
3316	31
3317	27
3318	36
3319	37
3320	28
3321	31
3322	31
3323	30
3324	29
3325	40
3326	30
3327	47
3328	47
3329	35
3330	32
3331	27
3332	38
3333	32
3334	32
3335	30
3336	19
3337	41
3338	37
3339	25
3340	44
3341	27
3342	32
3343	26
3344	38
3345	32
3346	32
3347	31
3348	15
3349	36
3350	21
3351	30
3352	39
3353	27
3354	30
3355	34
3356	31
3357	39
3358	40
3359	43
3360	33
3361	33
3362	29
3363	28
3364	30
3365	39
3366	23
3367	25
3368	39
3369	39
3370	31
3371	34
3372	29
3373	37
3374	38
3375	35
3376	29
3377	28
3378	29
3379	29
3380	32
3381	38
3382	34
3383	29
3384	29
3385	33
3386	37
3387	30
3388	29
3389	33
3390	33
3391	41
3392	28
3393	46
3394	33
3395	41
3396	31
3397	27
3398	35
3399	30
3400	22
3401	40
3402	32
3403	30
3404	30
3405	26
3406	30
3407	37
3408	27
3409	34
3410	31
3411	42
3412	28
3413	27
3414	36
3415	28
3416	30
3417	28
3418	26
3419	35
3420	32
3421	34
3422	36
3423	20
3424	44
3425	31
3426	46
3427	29
3428	31
3429	28
3430	28
3431	28
3432	34
3433	32
3434	27
3435	43
3436	37
3437	29
3438	31
3439	38
3440	32
3441	33
3442	23
3443	32
3444	28
3445	39
3446	40
3447	32
3448	31
3449	28
3450	19
3451	34
3452	36
3453	40
3454	36
3455	32
3456	30
3457	34
3458	32
3459	37
3460	20
3461	28
3462	19
3463	27
3464	31
3465	28
3466	33
3467	22
3468	32
3469	29
3470	29
3471	32
3472	35
3473	32
3474	26
3475	33
3476	25
3477	27
3478	37
3479	32
3480	30
3481	30
3482	26
3483	48
3484	32
3485	36
3486	26
3487	26
3488	29
3489	32
3490	23
3491	50
3492	26
3493	30
3494	33
3495	26
3496	30
3497	33
3498	30
3499	32
3500	25
3501	27
3502	29
3503	25
3504	33
3505	32
3506	38
3507	37
3508	26
3509	28
3510	37
3511	28
3512	35
3513	41
3514	31
3515	46
3516	27
3517	20
3518	32
3519	27
3520	33
3521	44
3522	40
3523	28
3524	36
3525	35
3526	34
3527	27
3528	33
3529	19
3530	31
3531	37
3532	35
3533	35
3534	31
3535	23
3536	36
3537	32
3538	33
3539	35
3540	32
3541	46
3542	34
3543	33
3544	26
3545	23
3546	28
3547	30
3548	40
3549	49
3550	37
3551	37
3552	38
3553	33
3554	42
3555	32
3556	33
3557	28
3558	47
3559	49
3560	32
3561	31
3562	37
3563	39
3564	24
3565	30
3566	37
3567	34
3568	28
3569	40
3570	38
3571	35
3572	37
3573	22
3574	47
3575	32
3576	32
3577	26
3578	30
3579	39
3580	32
3581	31
3582	24
3583	40
3584	22
3585	30
3586	34
3587	43
3588	24
3589	24
3590	32
3591	43
3592	37
3593	31
3594	36
3595	29
3596	31
3597	34
3598	32
3599	28
3600	38
3601	41
3602	32
3603	33
3604	44
3605	48
3606	33
3607	32
3608	28
3609	33
3610	32
3611	45
3612	42
3613	28
3614	30
3615	30
3616	38
3617	43
3618	33
3619	29
3620	24
3621	24
3622	39
3623	28
3624	37
3625	30
3626	33
3627	33
3628	27
3629	41
3630	33
3631	39
3632	43
3633	32
3634	34
3635	33
3636	39
3637	46
3638	40
3639	29
3640	31
3641	33
3642	43
3643	34
3644	27
3645	28
3646	30
3647	26
3648	39
3649	34
3650	42
3651	41
3652	41
3653	36
3654	40
3655	43
3656	28
3657	27
3658	24
3659	33
3660	27
3661	34
3662	39
3663	30
3664	39
3665	23
3666	41
3667	41
3668	33
3669	26
3670	36
3671	26
3672	41
3673	36
3674	35
3675	26
3676	22
3677	28
3678	28
3679	46
3680	33
3681	26
3682	28
3683	26
3684	38
3685	28
3686	42
3687	34
3688	32
3689	22
3690	17
3691	35
3692	32
3693	20
3694	39
3695	28
3696	23
3697	27
3698	31
3699	31
3700	29
3701	38
3702	28
3703	44
3704	34
3705	32
3706	29
3707	16
3708	20
3709	27
3710	32
3711	44
3712	40
3713	23
3714	41
3715	36
3716	48
3717	24
3718	35
3719	34
3720	25
3721	25
3722	40
3723	33
3724	22
3725	27
3726	33
3727	30
3728	23
3729	31
3730	28
3731	32
3732	30
3733	25
3734	23
3735	22
3736	30
3737	25
3738	36
3739	32
3740	42
3741	44
3742	33
3743	32
3744	40
3745	29
3746	43
3747	30
3748	43
3749	23
3750	28
3751	42
3752	31
3753	39
3754	30
3755	46
3756	26
3757	27
3758	31
3759	24
3760	27
3761	45
3762	31
3763	36
3764	36
3765	37
3766	42
3767	30
3768	31
3769	28
3770	27
3771	35
3772	32
3773	28
3774	23
3775	27
3776	27
3777	36
3778	31
3779	33
3780	29
3781	36
3782	24
3783	34
3784	37
3785	37
3786	47
3787	33
3788	33
3789	28
3790	40
3791	32
3792	32
3793	27
3794	22
3795	37
3796	38
3797	23
3798	43
3799	36
3800	38
3801	39
3802	27
3803	45
3804	34
3805	33
3806	33
3807	45
3808	40
3809	34
3810	18
3811	35
3812	22
3813	32
3814	34
3815	29
3816	39
3817	37
3818	37
3819	37
3820	34
3821	34
3822	38
3823	24
3824	36
3825	38
3826	33
3827	25
3828	30
3829	38
3830	31
3831	26
3832	26
3833	36
3834	29
3835	38
3836	33
3837	36
3838	23
3839	43
3840	24
3841	26
3842	30
3843	35
3844	28
3845	34
3846	42
3847	28
3848	33
3849	39
3850	36
3851	27
3852	47
3853	30
3854	32
3855	36
3856	34
3857	31
3858	37
3859	32
3860	28
3861	35
3862	40
3863	44
3864	35
3865	39
3866	37
3867	26
3868	23
3869	28
3870	22
3871	35
3872	37
3873	25
3874	36
3875	39
3876	36
3877	33
3878	30
3879	38
3880	41
3881	24
3882	37
3883	21
3884	26
3885	27
3886	38
3887	31
3888	30
3889	43
3890	27
3891	30
3892	40
3893	32
3894	22
3895	19
3896	34
3897	31
3898	29
3899	36
3900	31
3901	23
3902	33
3903	30
3904	26
3905	41
3906	24
3907	36
3908	45
3909	24
3910	16
3911	33
3912	33
3913	21
3914	30
3915	30
3916	31
3917	25
3918	30
3919	44
3920	26
3921	43
3922	25
3923	32
3924	30
3925	31
3926	48
3927	30
3928	35
3929	36
3930	29
3931	36
3932	29
3933	36
3934	33
3935	42
3936	32
3937	32
3938	22
3939	37
3940	28
3941	31
3942	23
3943	30
3944	45
3945	29
3946	35
3947	31
3948	35
3949	33
3950	26
3951	23
3952	33
3953	38
3954	19
3955	25
3956	27
3957	29
3958	48
3959	31
3960	45
3961	36
3962	25
3963	24
3964	32
3965	23
3966	45
3967	21
3968	42
3969	25
3970	38
3971	28
3972	23
3973	39
3974	31
3975	35
3976	25
3977	31
3978	30
3979	44
3980	41
3981	29
3982	37
3983	29
3984	16
3985	30
3986	28
3987	28
3988	29
3989	27
3990	31
3991	31
3992	31
3993	27
3994	36
3995	47
3996	34
3997	33
3998	24
3999	31
4000	40
4001	38
4002	27
4003	27
4004	30
4005	32
4006	31
4007	14
4008	24
4009	33
4010	35
4011	37
4012	32
4013	22
4014	39
4015	37
4016	35
4017	28
4018	16
4019	38
4020	39
4021	48
4022	34
4023	40
4024	38
4025	30
4026	40
4027	25
4028	23
4029	34
4030	24
4031	24
4032	26
4033	41
4034	30
4035	32
4036	39
4037	28
4038	32
4039	36
4040	31
4041	27
4042	29
4043	31
4044	22
4045	36
4046	36
4047	32
4048	32
4049	34
4050	29
4051	33
4052	33
4053	22
4054	27
4055	44
4056	30
4057	34
4058	26
4059	37
4060	32
4061	32
4062	35
4063	32
4064	29
4065	33
4066	27
4067	26
4068	34
4069	47
4070	36
4071	30
4072	26
4073	38
4074	29
4075	43
4076	31
4077	32
4078	39
4079	24
4080	26
4081	36
4082	30
4083	28
4084	32
4085	34
4086	39
4087	35
4088	36
4089	28
4090	33
4091	36
4092	27
4093	32
4094	34
4095	40
4096	31
4097	40
4098	29
4099	32
4100	26
4101	16
4102	38
4103	12
4104	25
4105	38
4106	30
4107	39
4108	27
4109	27
4110	36
4111	36
4112	30
4113	34
4114	25
4115	18
4116	27
4117	29
4118	38
4119	11
4120	29
4121	32
4122	38
4123	30
4124	35
4125	37
4126	29
4127	36
4128	31
4129	24
4130	43
4131	28
4132	42
4133	24
4134	34
4135	32
4136	30
4137	35
4138	30
4139	32
4140	33
4141	31
4142	29
4143	39
4144	24
4145	30
4146	35
4147	30
4148	32
4149	25
4150	33
4151	31
4152	30
4153	42
4154	32
4155	37
4156	22
4157	40
4158	21
4159	29
4160	27
4161	41
4162	24
4163	26
4164	43
4165	37
4166	34
4167	32
4168	25
4169	38
4170	24
4171	39
4172	31
4173	30
4174	35
4175	35
4176	31
4177	39
4178	36
4179	28
4180	27
4181	28
4182	23
4183	27
4184	36
4185	35
4186	35
4187	37
4188	34
4189	39
4190	27
4191	37
4192	18
4193	28
4194	36
4195	28
4196	28
4197	29
4198	37
4199	38
4200	34
4201	25
4202	30
4203	31
4204	24
4205	31
4206	32
4207	32
4208	30
4209	40
4210	35
4211	29
4212	33
4213	22
4214	26
4215	24
4216	31
4217	31
4218	38
4219	28
4220	40
4221	40
4222	37
4223	19
4224	32
4225	37
4226	21
4227	32
4228	31
4229	37
4230	31
4231	39
4232	27
4233	33
4234	32
4235	41
4236	31
4237	29
4238	21
4239	33
4240	17
4241	23
4242	36
4243	34
4244	39
4245	36
4246	20
4247	28
4248	28
4249	29
4250	32
4251	33
4252	21
4253	37
4254	39
4255	29
4256	27
4257	30
4258	25
4259	31
4260	42
4261	30
4262	23
4263	25
4264	37
4265	27
4266	26
4267	27
4268	28
4269	29
4270	25
4271	26
4272	26
4273	32
4274	37
4275	23
4276	39
4277	28
4278	26
4279	32
4280	21
4281	38
4282	32
4283	34
4284	35
4285	26
4286	29
4287	16
4288	26
4289	31
4290	39
4291	30
4292	41
4293	29
4294	24
4295	43
4296	28
4297	30
4298	31
4299	34
4300	28
4301	31
4302	33
4303	32
4304	21
4305	35
4306	30
4307	35
4308	29
4309	32
4310	32
4311	40
4312	30
4313	38
4314	37
4315	34
4316	27
4317	17
4318	29
4319	33
4320	27
4321	23
4322	47
4323	47
4324	40
4325	29
4326	37
4327	39
4328	26
4329	46
4330	32
4331	21
4332	29
4333	42
4334	34
4335	32
4336	27
4337	26
4338	22
4339	39
4340	21
4341	28
4342	25
4343	41
4344	31
4345	33
4346	24
4347	25
4348	24
4349	42
4350	39
4351	25
4352	36
4353	20
4354	23
4355	46
4356	31
4357	27
4358	24
4359	28
4360	30
4361	39
4362	30
4363	32
4364	31
4365	31
4366	30
4367	28
4368	36
4369	32
4370	29
4371	27
4372	30
4373	32
4374	41
4375	41
4376	40
4377	37
4378	28
4379	41
4380	29
4381	19
4382	29
4383	20
4384	31
4385	49
4386	37
4387	27
4388	34
4389	21
4390	34
4391	32
4392	29
4393	25
4394	24
4395	37
4396	22
4397	30
4398	27
4399	30
4400	41
4401	25
4402	40
4403	43
4404	49
4405	31
4406	36
4407	31
4408	32
4409	35
4410	42
4411	19
4412	34
4413	37
4414	32
4415	35
4416	40
4417	29
4418	34
4419	29
4420	31
4421	31
4422	33
4423	39
4424	29
4425	39
4426	28
4427	32
4428	40
4429	31
4430	36
4431	37
4432	23
4433	41
4434	31
4435	29
4436	25
4437	38
4438	39
4439	38
4440	32
4441	28
4442	23
4443	33
4444	41
4445	33
4446	23
4447	24
4448	41
4449	20
4450	39
4451	20
4452	37
4453	27
4454	34
4455	23
4456	24
4457	30
4458	32
4459	28
4460	37
4461	40
4462	28
4463	31
4464	20
4465	27
4466	34
4467	31
4468	32
4469	34
4470	39
4471	31
4472	51
4473	45
4474	32
4475	43
4476	24
4477	39
4478	33
4479	28
4480	31
4481	28
4482	30
4483	33
4484	32
4485	45
4486	34
4487	27
4488	26
4489	43
4490	35
4491	36
4492	30
4493	34
4494	37
4495	36
4496	43
4497	34
4498	25
4499	29
4500	40
4501	25
4502	43
4503	32
4504	47
4505	26
4506	40
4507	24
4508	32
4509	42
4510	41
4511	35
4512	45
4513	28
4514	33
4515	36
4516	33
4517	30
4518	27
4519	45
4520	36
4521	20
4522	29
4523	27
4524	42
4525	39
4526	38
4527	34
4528	37
4529	35
4530	30
4531	29
4532	45
4533	27
4534	20
4535	33
4536	33
4537	32
4538	47
4539	39
4540	18
4541	30
4542	39
4543	19
4544	30
4545	22
4546	26
4547	22
4548	23
4549	27
4550	34
4551	23
4552	20
4553	28
4554	34
4555	39
4556	34
4557	26
4558	22
4559	26
4560	29
4561	28
4562	30
4563	34
4564	35
4565	21
4566	41
4567	26
4568	31
4569	24
4570	31
4571	33
4572	49
4573	33
4574	38
4575	33
4576	25
4577	41
4578	28
4579	37
4580	31
4581	33
4582	33
4583	41
4584	27
4585	24
4586	45
4587	33
4588	33
4589	28
4590	28
4591	25
4592	29
4593	28
4594	28
4595	33
4596	32
4597	29
4598	32
4599	34
4600	45
4601	30
4602	48
4603	37
4604	29
4605	34
4606	23
4607	35
4608	30
4609	31
4610	32
4611	34
4612	45
4613	30
4614	23
4615	24
4616	31
4617	48
4618	33
4619	29
4620	32
4621	34
4622	22
4623	42
4624	32
4625	29
4626	33
4627	30
4628	31
4629	31
4630	44
4631	30
4632	35
4633	37
4634	29
4635	41
4636	29
4637	22
4638	28
4639	27
4640	25
4641	32
4642	25
4643	26
4644	28
4645	23
4646	25
4647	24
4648	30
4649	26
4650	33
4651	27
4652	36
4653	27
4654	21
4655	38
4656	25
4657	35
4658	29
4659	28
4660	31
4661	26
4662	45
4663	34
4664	29
4665	35
4666	35
4667	32
4668	45
4669	35
4670	28
4671	33
4672	34
4673	30
4674	32
4675	32
4676	34
4677	33
4678	29
4679	25
4680	26
4681	34
4682	34
4683	28
4684	42
4685	31
4686	29
4687	32
4688	26
4689	28
4690	43
4691	44
4692	34
4693	38
4694	32
4695	34
4696	37
4697	39
4698	33
4699	28
4700	24
4701	31
4702	38
4703	43
4704	35
4705	34
4706	32
4707	37
4708	35
4709	23
4710	23
4711	33
4712	26
4713	39
4714	35
4715	33
4716	32
4717	31
4718	25
4719	30
4720	31
4721	19
4722	27
4723	29
4724	27
4725	36
4726	32
4727	43
4728	31
4729	36
4730	33
4731	24
4732	26
4733	30
4734	30
4735	32
4736	31
4737	42
4738	39
4739	30
4740	24
4741	30
4742	41
4743	31
4744	30
4745	22
4746	28
4747	24
4748	24
4749	32
4750	35
4751	30
4752	31
4753	35
4754	34
4755	29
4756	32
4757	28
4758	43
4759	31
4760	31
4761	20
4762	23
4763	32
4764	27
4765	28
4766	42
4767	29
4768	40
4769	39
4770	29
4771	33
4772	44
4773	35
4774	39
4775	34
4776	26
4777	33
4778	42
4779	35
4780	29
4781	24
4782	29
4783	30
4784	38
4785	32
4786	30
4787	33
4788	34
4789	32
4790	29
4791	38
4792	26
4793	25
4794	32
4795	37
4796	29
4797	36
4798	44
4799	31
4800	27
4801	27
4802	31
4803	34
4804	43
4805	40
4806	27
4807	35
4808	28
4809	30
4810	27
4811	34
4812	41
4813	29
4814	36
4815	28
4816	29
4817	32
4818	33
4819	29
4820	36
4821	35
4822	35
4823	25
4824	29
4825	30
4826	34
4827	30
4828	34
4829	28
4830	32
4831	28
4832	33
4833	33
4834	34
4835	25
4836	32
4837	46
4838	31
4839	35
4840	23
4841	41
4842	32
4843	31
4844	32
4845	27
4846	37
4847	39
4848	30
4849	44
4850	29
4851	32
4852	31
4853	35
4854	32
4855	39
4856	32
4857	29
4858	34
4859	32
4860	30
4861	32
4862	35
4863	30
4864	33
4865	27
4866	30
4867	30
4868	31
4869	33
4870	23
4871	34
4872	32
4873	27
4874	32
4875	33
4876	19
4877	29
4878	28
4879	32
4880	33
4881	32
4882	32
4883	29
4884	32
4885	23
4886	36
4887	29
4888	33
4889	26
4890	31
4891	26
4892	32
4893	24
4894	43
4895	16
4896	44
4897	33
4898	25
4899	29
4900	25
4901	35
4902	38
4903	42
4904	32
4905	25
4906	47
4907	24
4908	42
4909	29
4910	29
4911	20
4912	23
4913	29
4914	36
4915	28
4916	24
4917	26
4918	37
4919	32
4920	34
4921	28
4922	34
4923	36
4924	44
4925	23
4926	30
4927	26
4928	29
4929	47
4930	32
4931	37
4932	32
4933	38
4934	35
4935	31
4936	18
4937	26
4938	33
4939	30
4940	26
4941	45
4942	27
4943	32
4944	30
4945	43
4946	33
4947	29
4948	23
4949	22
4950	30
4951	35
4952	32
4953	29
4954	25
4955	29
4956	38
4957	35
4958	29
4959	30
4960	34
4961	36
4962	27
4963	28
4964	31
4965	38
4966	26
4967	25
4968	30
4969	20
4970	35
4971	31
4972	29
4973	25
4974	30
4975	35
4976	24
4977	25
4978	31
4979	27
4980	19
4981	28
4982	25
4983	33
4984	23
4985	35
4986	22
4987	32
4988	41
4989	45
4990	26
4991	31
4992	46
4993	24
4994	36
4995	39
4996	24
4997	27
4998	30
4999	31
5000	37
5001	35
5002	31
5003	25
5004	31
5005	35
5006	33
5007	29
5008	27
5009	31
5010	35
5011	21
5012	26
5013	35
5014	33
5015	23
5016	26
5017	29
5018	31
5019	33
5020	35
5021	39
5022	43
5023	34
5024	33
5025	39
5026	26
5027	36
5028	29
5029	32
5030	25
5031	26
5032	38
5033	35
5034	39
5035	20
5036	28
5037	21
5038	25
5039	28
5040	32
5041	36
5042	29
5043	20
5044	34
5045	32
5046	31
5047	39
5048	22
5049	30
5050	33
5051	29
5052	19
5053	24
5054	25
5055	35
5056	30
5057	41
5058	20
5059	33
5060	30
5061	27
5062	31
5063	30
5064	37
5065	34
5066	30
5067	32
5068	26
5069	33
5070	40
5071	33
5072	28
5073	25
5074	30
5075	26
5076	27
5077	24
5078	31
5079	40
5080	24
5081	32
5082	33
5083	28
5084	20
5085	20
5086	25
5087	18
5088	31
5089	31
5090	37
5091	26
5092	29
5093	31
5094	23
5095	35
5096	22
5097	25
5098	31
5099	35
5100	37
5101	31
5102	32
5103	31
5104	34
5105	30
5106	34
5107	19
5108	34
5109	31
5110	41
5111	36
5112	42
5113	31
5114	36
5115	21
5116	24
5117	24
5118	31
5119	23
5120	23
5121	26
5122	31
5123	30
5124	23
5125	26
5126	26
5127	32
5128	32
5129	29
5130	29
5131	23
5132	34
5133	34
5134	35
5135	30
5136	33
5137	32
5138	27
5139	33
5140	38
5141	40
5142	42
5143	31
5144	40
5145	29
5146	33
5147	28
5148	24
5149	33
5150	36
5151	38
5152	33
5153	23
5154	27
5155	21
5156	30
5157	31
5158	38
5159	15
5160	24
5161	32
5162	31
5163	32
5164	34
5165	30
5166	34
5167	33
5168	25
5169	37
5170	29
5171	31
5172	31
5173	25
5174	33
5175	36
5176	26
5177	30
5178	27
5179	34
5180	32
5181	31
5182	31
5183	40
5184	28
5185	25
5186	38
5187	33
5188	31
5189	23
5190	25
5191	39
5192	20
5193	29
5194	28
5195	42
5196	28
5197	28
5198	25
5199	31
5200	28
5201	29
5202	30
5203	31
5204	21
5205	40
5206	24
5207	28
5208	27
5209	35
5210	27
5211	31
5212	23
5213	31
5214	31
5215	40
5216	29
5217	21
5218	31
5219	29
5220	28
5221	36
5222	26
5223	31
5224	30
5225	23
5226	26
5227	32
5228	38
5229	31
5230	27
5231	31
5232	36
5233	32
5234	38
5235	27
5236	31
5237	28
5238	33
5239	31
5240	31
5241	24
5242	21
5243	33
5244	21
5245	21
5246	25
5247	29
5248	30
5249	23
5250	35
5251	28
5252	31
5253	27
5254	37
5255	29
5256	37
5257	29
5258	31
5259	27
5260	30
5261	28
5262	18
5263	29
5264	30
5265	42
5266	25
5267	36
5268	28
5269	28
5270	27
5271	32
5272	13
5273	32
5274	40
5275	33
5276	34
5277	28
5278	24
5279	23
5280	28
5281	29
5282	26
5283	17
5284	31
5285	20
5286	26
5287	38
5288	29
5289	27
5290	20
5291	35
5292	34
5293	33
5294	34
5295	27
5296	25
5297	20
5298	30
5299	28
5300	28
5301	34
5302	29
5303	31
5304	41
5305	32
5306	25
5307	32
5308	39
5309	36
5310	29
5311	34
5312	34
5313	34
5314	27
5315	35
5316	25
5317	28
5318	27
5319	25
5320	29
5321	19
5322	26
5323	28
5324	28
5325	27
5326	19
5327	37
5328	26
5329	35
5330	29
5331	38
5332	31
5333	27
5334	17
5335	33
5336	36
5337	30
5338	35
5339	31
5340	23
5341	28
5342	26
5343	28
5344	39
5345	23
5346	34
5347	26
5348	33
5349	28
5350	29
5351	28
5352	31
5353	26
5354	29
5355	21
5356	36
5357	34
5358	28
5359	20
5360	32
5361	36
5362	32
5363	31
5364	25
5365	30
5366	25
5367	27
5368	20
5369	25
5370	17
5371	30
5372	30
5373	39
5374	26
5375	35
5376	33
5377	25
5378	27
5379	34
5380	36
5381	35
5382	20
5383	27
5384	29
5385	32
5386	26
5387	26
5388	28
5389	19
5390	33
5391	37
5392	23
5393	34
5394	36
5395	17
5396	16
5397	22
5398	34
5399	32
5400	22
5401	26
5402	32
5403	24
5404	32
5405	28
5406	32
5407	30
5408	30
5409	34
5410	26
5411	24
5412	25
5413	24
5414	17
5415	26
5416	24
5417	31
5418	25
5419	26
5420	28
5421	37
5422	20
5423	32
5424	34
5425	24
5426	33
5427	22
5428	27
5429	34
5430	28
5431	30
5432	39
5433	34
5434	33
5435	29
5436	22
5437	34
5438	34
5439	27
5440	24
5441	23
5442	24
5443	30
5444	33
5445	30
5446	30
5447	30
5448	35
5449	28
5450	33
5451	28
5452	22
5453	24
5454	30
5455	26
5456	33
5457	21
5458	31
5459	22
5460	27
5461	34
5462	31
5463	34
5464	30
5465	31
5466	31
5467	22
5468	26
5469	34
5470	27
5471	38
5472	30
5473	28
5474	31
5475	17
5476	26
5477	34
5478	31
5479	26
5480	33
5481	24
5482	37
5483	34
5484	37
5485	34
5486	37
5487	26
5488	25
5489	21
5490	26
5491	26
5492	32
5493	23
5494	32
5495	27
5496	29
5497	29
5498	26
5499	27
5500	32
5501	32
5502	34
5503	33
5504	30
5505	17
5506	31
5507	33
5508	26
5509	22
5510	33
5511	33
5512	30
5513	31
5514	34
5515	21
5516	21
5517	33
5518	36
5519	25
5520	30
5521	11
5522	30
5523	36
5524	29
5525	24
5526	35
5527	26
5528	33
5529	28
5530	38
5531	38
5532	38
5533	33
5534	24
5535	27
5536	33
5537	22
5538	32
5539	32
5540	26
5541	29
5542	38
5543	32
5544	35
5545	31
5546	23
5547	20
5548	28
5549	23
5550	33
5551	31
5552	26
5553	34
5554	25
5555	34
5556	34
5557	30
5558	29
5559	24
5560	37
5561	24
5562	38
5563	32
5564	30
5565	34
5566	31
5567	37
5568	39
5569	34
5570	29
5571	38
5572	41
5573	23
5574	36
5575	30
5576	25
5577	33
5578	27
5579	35
5580	30
5581	27
5582	33
5583	34
5584	35
5585	33
5586	40
5587	23
5588	28
5589	34
5590	31
5591	23
5592	43
5593	41
5594	30
5595	31
5596	34
5597	36
5598	36
5599	43
5600	30
5601	26
5602	36
5603	30
5604	31
5605	28
5606	22
5607	35
5608	28
5609	21
5610	40
5611	21
5612	34
5613	30
5614	34
5615	34
5616	21
5617	32
5618	38
5619	33
5620	36
5621	25
5622	37
5623	38
5624	35
5625	38
5626	36
5627	39
5628	28
5629	33
5630	31
5631	40
5632	33
5633	24
5634	36
5635	24
5636	35
5637	17
5638	32
5639	25
5640	26
5641	33
5642	33
5643	20
5644	23
5645	38
5646	28
5647	34
5648	32
5649	35
5650	36
5651	36
5652	33
5653	31
5654	38
5655	20
5656	28
5657	40
5658	35
5659	33
5660	28
5661	39
5662	33
5663	26
5664	35
5665	35
5666	23
5667	31
5668	32
5669	36
5670	32
5671	26
5672	34
5673	31
5674	30
5675	31
5676	28
5677	28
5678	23
5679	28
5680	34
5681	33
5682	33
5683	23
5684	31
5685	32
5686	34
5687	30
5688	39
5689	38
5690	36
5691	19
5692	29
5693	21
5694	34
5695	36
5696	35
5697	33
5698	41
5699	33
5700	37
5701	33
5702	24
5703	35
5704	29
5705	32
5706	37
5707	20
5708	30
5709	35
5710	41
5711	30
5712	35
5713	31
5714	26
5715	29
5716	34
5717	36
5718	36
5719	32
5720	23
5721	24
5722	34
5723	24
5724	29
5725	23
5726	28
5727	24
5728	26
5729	34
5730	34
5731	19
5732	36
5733	31
5734	33
5735	24
5736	29
5737	33
5738	29
5739	26
5740	33
5741	33
5742	27
5743	28
5744	23
5745	24
5746	24
5747	36
5748	20
5749	31
5750	28
5751	27
5752	36
5753	34
5754	33
5755	27
5756	27
5757	29
5758	38
5759	33
5760	28
5761	37
5762	42
5763	39
5764	32
5765	36
5766	31
5767	26
5768	37
5769	38
5770	34
5771	36
5772	43
5773	30
5774	31
5775	34
5776	29
5777	25
5778	38
5779	28
5780	36
5781	39
5782	30
5783	35
5784	29
5785	33
5786	29
5787	36
5788	26
5789	31
5790	34
5791	37
5792	30
5793	40
5794	37
5795	35
5796	29
5797	34
5798	26
5799	36
5800	28
5801	35
5802	35
5803	37
5804	22
5805	30
5806	37
5807	25
5808	30
5809	35
5810	29
5811	26
5812	29
5813	26
5814	29
5815	31
5816	34
5817	28
5818	27
5819	24
5820	28
5821	36
5822	32
5823	29
5824	24
5825	33
5826	33
5827	32
5828	31
5829	34
5830	34
5831	32
5832	28
5833	29
5834	32
5835	35
5836	21
5837	33
5838	27
5839	31
5840	21
5841	43
5842	36
5843	32
5844	29
5845	33
5846	27
5847	30
5848	30
5849	33
5850	25
5851	32
5852	27
5853	26
5854	25
5855	30
5856	35
5857	31
5858	34
5859	36
5860	22
5861	32
5862	37
5863	30
5864	38
5865	25
5866	30
5867	38
5868	34
5869	22
5870	36
5871	29
5872	30
5873	35
5874	37
5875	35
5876	29
5877	35
5878	37
5879	32
5880	35
5881	23
5882	31
5883	33
5884	35
5885	38
5886	29
5887	26
5888	31
5889	31
5890	35
5891	26
5892	31
5893	37
5894	31
5895	28
5896	32
5897	26
5898	24
5899	35
5900	34
5901	29
5902	16
5903	25
5904	30
5905	32
5906	30
5907	34
5908	35
5909	29
5910	33
5911	36
5912	35
5913	35
5914	30
5915	34
5916	37
5917	33
5918	35
5919	33
5920	37
5921	33
5922	29
5923	28
5924	28
5925	30
5926	23
5927	23
5928	38
5929	33
5930	31
5931	35
5932	36
5933	23
5934	28
5935	32
5936	34
5937	33
5938	26
5939	25
5940	28
5941	15
5942	33
5943	35
5944	19
5945	20
5946	20
5947	30
5948	26
5949	34
5950	27
5951	24
5952	30
5953	30
5954	46
5955	35
5956	40
5957	41
5958	27
5959	25
5960	35
5961	32
5962	37
5963	39
5964	32
5965	27
5966	43
5967	43
5968	32
5969	31
5970	29
5971	34
5972	34
5973	31
5974	37
5975	26
5976	37
5977	31
5978	33
5979	33
5980	38
5981	25
5982	31
5983	23
5984	37
5985	30
5986	36
5987	26
5988	34
5989	29
5990	20
5991	29
5992	35
5993	28
5994	34
5995	25
5996	33
5997	28
5998	27
5999	38
6000	29
6001	37
6002	35
6003	37
6004	37
6005	37
6006	27
6007	25
6008	35
6009	33
6010	37
6011	31
6012	18
6013	39
6014	26
6015	21
6016	36
6017	21
6018	36
6019	26
6020	26
6021	37
6022	25
6023	25
6024	27
6025	32
6026	36
6027	20
6028	30
6029	36
6030	37
6031	27
6032	23
6033	42
6034	33
6035	29
6036	40
6037	36
6038	35
6039	31
6040	31
6041	30
6042	31
6043	28
6044	29
6045	35
6046	35
6047	32
6048	26
6049	34
6050	32
6051	27
6052	39
6053	25
6054	24
6055	32
6056	36
6057	36
6058	27
6059	26
6060	28
6061	28
6062	33
6063	36
6064	25
6065	27
6066	29
6067	21
6068	26
6069	34
6070	26
6071	26
6072	33
6073	35
6074	24
6075	38
6076	34
6077	35
6078	28
6079	38
6080	32
6081	27
6082	31
6083	32
6084	37
6085	20
6086	27
6087	34
6088	29
6089	25
6090	35
6091	37
6092	38
6093	35
6094	25
6095	27
6096	28
6097	28
6098	45
6099	35
6100	34
6101	32
6102	24
6103	36
6104	37
6105	27
6106	35
6107	29
6108	31
6109	26
6110	34
6111	29
6112	30
6113	27
6114	27
6115	32
6116	22
6117	31
6118	40
6119	25
6120	28
6121	42
6122	25
6123	29
6124	31
6125	30
6126	37
6127	36
6128	34
6129	31
6130	36
6131	31
6132	26
6133	37
6134	31
6135	32
6136	26
6137	35
6138	38
6139	27
6140	33
6141	33
6142	36
6143	38
6144	28
6145	39
6146	37
6147	39
6148	32
6149	40
6150	25
6151	32
6152	25
6153	33
6154	31
6155	29
6156	42
6157	32
6158	26
6159	37
6160	36
6161	28
6162	29
6163	26
6164	31
6165	36
6166	33
6167	33
6168	30
6169	30
6170	27
6171	38
6172	26
6173	38
6174	37
6175	42
6176	37
6177	16
6178	32
6179	37
6180	25
6181	31
6182	42
6183	32
6184	32
6185	34
6186	27
6187	29
6188	25
6189	33
6190	27
6191	42
6192	40
6193	43
6194	32
6195	32
6196	36
6197	29
6198	25
6199	32
6200	26
6201	33
6202	35
6203	41
6204	31
6205	23
6206	35
6207	31
6208	39
6209	30
6210	34
6211	41
6212	29
6213	44
6214	32
6215	38
6216	38
6217	31
6218	34
6219	33
6220	30
6221	42
6222	41
6223	39
6224	31
6225	45
6226	26
6227	33
6228	33
6229	31
6230	41
6231	40
6232	42
6233	30
6234	41
6235	26
6236	29
6237	28
6238	29
6239	31
6240	35
6241	32
6242	31
6243	39
6244	30
6245	33
6246	33
6247	26
6248	32
6249	20
6250	32
6251	32
6252	33
6253	37
6254	27
6255	27
6256	32
6257	34
6258	43
6259	36
6260	25
6261	26
6262	28
6263	27
6264	22
6265	31
6266	36
6267	37
6268	26
6269	40
6270	37
6271	33
6272	32
6273	37
6274	26
6275	20
6276	32
6277	32
6278	32
6279	34
6280	31
6281	32
6282	36
6283	35
6284	32
6285	39
6286	23
6287	32
6288	27
6289	43
6290	34
6291	32
6292	36
6293	42
6294	39
6295	36
6296	34
6297	34
6298	27
6299	38
6300	32
6301	34
6302	30
6303	33
6304	31
6305	43
6306	32
6307	34
6308	32
6309	34
6310	35
6311	34
6312	38
6313	40
6314	32
6315	25
6316	32
6317	35
6318	36
6319	35
6320	26
6321	33
6322	40
6323	38
6324	37
6325	24
6326	42
6327	40
6328	28
6329	35
6330	41
6331	29
6332	34
6333	28
6334	31
6335	29
6336	37
6337	27
6338	28
6339	37
6340	31
6341	37
6342	32
6343	34
6344	34
6345	30
6346	39
6347	40
6348	34
6349	15
6350	38
6351	34
6352	37
6353	28
6354	28
6355	39
6356	38
6357	33
6358	38
6359	33
6360	39
6361	25
6362	38
6363	40
6364	30
6365	32
6366	30
6367	31
6368	38
6369	31
6370	38
6371	33
6372	33
6373	28
6374	38
6375	22
6376	40
6377	32
6378	33
6379	34
6380	32
6381	40
6382	39
6383	15
6384	37
6385	38
6386	28
6387	31
6388	39
6389	30
6390	39
6391	39
6392	36
6393	27
6394	30
6395	30
6396	34
6397	39
6398	36
6399	40
6400	36
6401	18
6402	31
6403	38
6404	27
6405	39
6406	12
6407	28
6408	36
6409	31
6410	34
6411	27
6412	33
6413	30
6414	35
6415	30
6416	42
6417	36
6418	40
6419	40
6420	28
6421	33
6422	36
6423	37
6424	27
6425	32
6426	23
6427	33
6428	42
6429	36
6430	41
6431	36
6432	34
6433	34
6434	43
6435	30
6436	35
6437	33
6438	34
6439	25
6440	32
6441	30
6442	24
6443	30
6444	30
6445	41
6446	33
6447	37
6448	33
6449	31
6450	33
6451	23
6452	37
6453	25
6454	34
6455	37
6456	31
6457	42
6458	32
6459	19
6460	31
6461	23
6462	26
6463	32
6464	41
6465	31
6466	44
6467	36
6468	39
6469	31
6470	32
6471	39
6472	40
6473	38
6474	34
6475	39
6476	41
6477	32
6478	39
6479	27
6480	37
6481	22
6482	30
6483	40
6484	40
6485	25
6486	28
6487	28
6488	33
6489	39
6490	25
6491	36
6492	21
6493	34
6494	44
6495	40
6496	33
6497	25
6498	34
6499	40
6500	35
6501	46
6502	41
6503	29
6504	41
6505	36
6506	35
6507	27
6508	33
6509	39
6510	35
6511	43
6512	42
6513	32
6514	43
6515	33
6516	38
6517	38
6518	32
6519	40
6520	34
6521	39
6522	30
6523	37
6524	21
6525	43
6526	39
6527	41
6528	26
6529	37
6530	34
6531	46
6532	18
6533	32
6534	36
6535	34
6536	42
6537	35
6538	45
6539	39
6540	37
6541	42
6542	40
6543	43
6544	45
6545	39
6546	45
6547	34
6548	32
6549	33
6550	37
6551	35
6552	34
6553	28
6554	42
6555	39
6556	45
6557	37
6558	33
6559	35
6560	21
6561	34
6562	45
6563	43
6564	42
6565	28
6566	38
6567	38
6568	33
6569	31
6570	36
6571	41
6572	38
6573	26
6574	36
6575	30
6576	31
6577	37
6578	32
6579	42
6580	31
6581	34
6582	46
6583	30
6584	38
6585	28
6586	40
6587	35
6588	39
6589	34
6590	44
6591	44
6592	26
6593	42
6594	37
6595	40
6596	40
6597	27
6598	29
6599	44
6600	26
6601	25
6602	34
6603	26
6604	50
6605	26
6606	36
6607	34
6608	33
6609	30
6610	50
6611	33
6612	35
6613	34
6614	38
6615	28
6616	45
6617	42
6618	30
6619	19
6620	39
6621	38
6622	46
6623	37
6624	19
6625	44
6626	42
6627	35
6628	45
6629	33
6630	30
6631	33
6632	38
6633	36
6634	30
6635	46
6636	34
6637	28
6638	36
6639	33
6640	33
6641	32
6642	21
6643	32
6644	37
6645	39
6646	45
6647	31
6648	35
6649	49
6650	43
6651	39
6652	41
6653	36
6654	33
6655	29
6656	32
6657	43
6658	34
6659	26
6660	41
6661	39
6662	36
6663	46
6664	28
6665	31
6666	38
6667	49
6668	31
6669	40
6670	32
6671	26
6672	34
6673	30
6674	47
6675	28
6676	25
6677	29
6678	48
6679	37
6680	34
6681	36
6682	32
6683	34
6684	40
6685	26
6686	35
6687	43
6688	40
6689	32
6690	32
6691	34
6692	26
6693	33
6694	31
6695	30
6696	25
6697	42
6698	45
6699	25
6700	49
6701	43
6702	34
6703	33
6704	39
6705	29
6706	33
6707	31
6708	44
6709	28
6710	40
6711	38
6712	32
6713	39
6714	37
6715	34
6716	49
6717	35
6718	42
6719	30
6720	34
6721	39
6722	33
6723	33
6724	39
6725	37
6726	39
6727	42
6728	26
6729	35
6730	32
6731	33
6732	40
6733	34
6734	30
6735	34
6736	33
6737	40
6738	34
6739	26
6740	52
6741	31
6742	37
6743	30
6744	27
6745	32
6746	33
6747	31
6748	31
6749	41
6750	41
6751	34
6752	39
6753	38
6754	21
6755	54
6756	45
6757	39
6758	36
6759	32
6760	38
6761	27
6762	37
6763	32
6764	31
6765	33
6766	34
6767	13
6768	30
6769	25
6770	26
6771	42
6772	32
6773	29
6774	37
6775	50
6776	32
6777	47
6778	49
6779	35
6780	47
6781	39
6782	42
6783	47
6784	47
6785	38
6786	35
6787	38
6788	36
6789	32
6790	31
6791	44
6792	40
6793	41
6794	37
6795	51
6796	29
6797	39
6798	36
6799	31
6800	36
6801	30
6802	38
6803	25
6804	36
6805	35
6806	35
6807	44
6808	32
6809	49
6810	45
6811	33
6812	50
6813	25
6814	41
6815	31
6816	34
6817	29
6818	36
6819	20
6820	20
6821	42
6822	26
6823	40
6824	30
6825	28
6826	36
6827	36
6828	35
6829	30
6830	24
6831	34
6832	29
6833	28
6834	44
6835	41
6836	31
6837	49
6838	34
6839	36
6840	33
6841	31
6842	35
6843	41
6844	34
6845	30
6846	28
6847	33
6848	31
6849	33
6850	31
6851	31
6852	22
6853	48
6854	32
6855	30
6856	30
6857	40
6858	25
6859	28
6860	38
6861	15
6862	33
6863	43
6864	34
6865	31
6866	33
6867	31
6868	37
6869	39
6870	32
6871	43
6872	40
6873	34
6874	44
6875	32
6876	38
6877	35
6878	40
6879	35
6880	37
6881	39
6882	43
6883	35
6884	30
6885	36
6886	29
6887	36
6888	30
6889	38
6890	43
6891	28
6892	31
6893	33
6894	29
6895	41
6896	31
6897	30
6898	27
6899	33
6900	46
6901	39
6902	37
6903	33
6904	47
6905	38
6906	48
6907	35
6908	32
6909	38
6910	45
6911	44
6912	23
6913	27
6914	25
6915	39
6916	45
6917	29
6918	37
6919	29
6920	29
6921	54
6922	26
6923	27
6924	27
6925	36
6926	39
6927	32
6928	29
6929	24
6930	46
6931	38
6932	21
6933	21
6934	23
6935	28
6936	36
6937	45
6938	32
6939	38
6940	34
6941	27
6942	28
6943	50
6944	31
6945	24
6946	35
6947	36
6948	36
6949	43
6950	25
6951	43
6952	27
6953	33
6954	34
6955	47
6956	32
6957	30
6958	22
6959	33
6960	23
6961	37
6962	34
6963	31
6964	37
6965	35
6966	33
6967	21
6968	28
6969	33
6970	46
6971	35
6972	34
6973	32
6974	33
6975	36
6976	33
6977	31
6978	45
6979	32
6980	47
6981	31
6982	36
6983	23
6984	22
6985	20
6986	28
6987	33
6988	33
6989	37
6990	47
6991	41
6992	29
6993	30
6994	24
6995	25
6996	30
6997	29
6998	30
6999	45
7000	26
7001	32
7002	28
7003	33
7004	17
7005	37
7006	34
7007	20
7008	30
7009	33
7010	34
7011	32
7012	35
7013	36
7014	27
7015	35
7016	33
7017	37
7018	27
7019	25
7020	26
7021	48
7022	33
7023	30
7024	35
7025	24
7026	34
7027	30
7028	34
7029	42
7030	36
7031	32
7032	33
7033	33
7034	33
7035	29
7036	34
7037	21
7038	37
7039	16
7040	27
7041	20
7042	35
7043	47
7044	23
7045	32
7046	33
7047	40
7048	29
7049	39
7050	27
7051	42
7052	29
7053	39
7054	46
7055	37
7056	29
7057	37
7058	21
7059	39
7060	29
7061	32
7062	36
7063	40
7064	30
7065	36
7066	30
7067	30
7068	47
7069	49
7070	35
7071	34
7072	25
7073	31
7074	42
7075	25
7076	28
7077	30
7078	39
7079	24
7080	29
7081	21
7082	28
7083	34
7084	27
7085	15
7086	34
7087	40
7088	38
7089	34
7090	28
7091	29
7092	29
7093	29
7094	30
7095	28
7096	41
7097	23
7098	34
7099	27
7100	27
7101	40
7102	26
7103	47
7104	34
7105	26
7106	29
7107	41
7108	36
7109	32
7110	29
7111	36
7112	39
7113	35
7114	31
7115	24
7116	22
7117	22
7118	30
7119	22
7120	26
7121	29
7122	23
7123	29
7124	24
7125	36
7126	40
7127	31
7128	29
7129	24
7130	34
7131	35
7132	21
7133	44
7134	32
7135	31
7136	37
7137	34
7138	35
7139	42
7140	33
7141	34
7142	24
7143	20
7144	23
7145	31
7146	35
7147	31
7148	29
7149	37
7150	32
7151	21
7152	32
7153	36
7154	38
7155	32
7156	24
7157	30
7158	21
7159	22
7160	28
7161	42
7162	25
7163	30
7164	25
7165	34
7166	42
7167	34
7168	39
7169	40
7170	36
7171	34
7172	19
7173	19
7174	23
7175	36
7176	35
7177	19
7178	35
7179	23
7180	33
7181	37
7182	29
7183	25
7184	24
7185	41
7186	43
7187	24
7188	25
7189	31
7190	25
7191	35
7192	36
7193	32
7194	36
7195	37
7196	23
7197	30
7198	19
7199	33
7200	33
7201	37
7202	27
7203	35
7204	20
7205	41
7206	31
7207	27
7208	30
7209	39
7210	25
7211	35
7212	42
7213	32
7214	32
7215	22
7216	26
7217	39
7218	30
7219	35
7220	36
7221	27
7222	44
7223	29
7224	16
7225	37
7226	43
7227	31
7228	37
7229	37
7230	36
7231	32
7232	28
7233	42
7234	28
7235	37
7236	26
7237	33
7238	29
7239	28
7240	22
7241	39
7242	15
7243	31
7244	35
7245	14
7246	19
7247	23
7248	43
7249	35
7250	40
7251	35
7252	31
7253	31
7254	36
7255	38
7256	21
7257	21
7258	15
7259	33
7260	37
7261	29
7262	21
7263	34
7264	38
7265	14
7266	41
7267	39
7268	25
7269	37
7270	37
7271	36
7272	27
7273	36
7274	34
7275	20
7276	34
7277	39
7278	32
7279	27
7280	30
7281	30
7282	30
7283	37
7284	36
7285	26
7286	30
7287	30
7288	26
7289	26
7290	28
7291	28
7292	37
7293	34
7294	16
7295	38
7296	24
7297	27
7298	25
7299	21
7300	26
7301	36
7302	29
7303	17
7304	25
7305	30
7306	28
7307	36
7308	36
7309	31
7310	37
7311	41
7312	21
7313	35
7314	22
7315	38
7316	29
7317	45
7318	28
7319	26
7320	30
7321	22
7322	29
7323	34
7324	20
7325	27
7326	33
7327	19
7328	38
7329	35
7330	28
7331	35
7332	27
7333	34
7334	15
7335	36
7336	19
7337	31
7338	28
7339	36
7340	37
7341	40
7342	30
7343	15
7344	31
7345	32
7346	44
7347	20
7348	21
7349	32
7350	22
7351	31
7352	31
7353	30
7354	30
7355	34
7356	33
7357	38
7358	22
7359	35
7360	21
7361	35
7362	20
7363	32
7364	30
7365	24
7366	41
7367	26
7368	20
7369	29
7370	28
7371	29
7372	34
7373	36
7374	29
7375	31
7376	33
7377	34
7378	28
7379	32
7380	38
7381	34
7382	38
7383	27
7384	40
7385	38
7386	43
7387	29
7388	33
7389	34
7390	37
7391	17
7392	20
7393	28
7394	20
7395	32
7396	30
7397	37
7398	20
7399	30
7400	31
7401	39
7402	36
7403	39
7404	39
7405	17
7406	34
7407	29
7408	29
7409	35
7410	41
7411	39
7412	29
7413	30
7414	32
7415	23
7416	32
7417	30
7418	20
7419	35
7420	29
7421	37
7422	32
7423	22
7424	32
7425	34
7426	30
7427	30
7428	37
7429	37
7430	28
7431	35
7432	27
7433	30
7434	34
7435	35
7436	20
7437	38
7438	37
7439	13
7440	29
7441	13
7442	23
7443	15
7444	32
7445	25
7446	34
7447	39
7448	33
7449	39
7450	20
7451	35
7452	22
7453	33
7454	22
7455	15
7456	22
7457	36
7458	35
7459	30
7460	32
7461	33
7462	31
7463	34
7464	20
7465	28
7466	20
7467	33
7468	33
7469	36
7470	38
7471	31
7472	22
7473	33
7474	28
7475	28
7476	37
7477	23
7478	21
7479	30
7480	26
7481	21
7482	40
7483	34
7484	23
7485	21
7486	25
7487	19
7488	17
7489	29
7490	33
7491	14
7492	32
7493	26
7494	45
7495	27
7496	24
7497	24
7498	32
7499	29
7500	27
7501	30
7502	36
7503	30
7504	42
7505	19
7506	24
7507	26
7508	26
7509	24
7510	24
7511	30
7512	34
7513	36
7514	28
7515	33
7516	34
7517	24
7518	29
7519	40
7520	33
7521	37
7522	33
7523	31
7524	17
7525	25
7526	30
7527	29
7528	41
7529	25
7530	21
7531	34
7532	30
7533	27
7534	39
7535	17
7536	24
7537	33
7538	18
7539	38
7540	37
7541	29
7542	31
7543	35
7544	25
7545	40
7546	36
7547	31
7548	33
7549	21
7550	30
7551	25
7552	35
7553	29
7554	29
7555	33
7556	29
7557	20
7558	22
7559	29
7560	33
7561	20
7562	34
7563	30
7564	40
7565	27
7566	28
7567	30
7568	38
7569	35
7570	19
7571	30
7572	22
7573	12
7574	21
7575	40
7576	28
7577	35
7578	31
7579	20
7580	27
7581	27
7582	31
7583	33
7584	28
7585	18
7586	29
7587	21
7588	14
7589	14
7590	26
7591	18
7592	30
7593	28
7594	15
7595	34
7596	26
7597	33
7598	29
7599	25
7600	35
7601	15
7602	30
7603	35
7604	32
7605	27
7606	28
7607	33
7608	20
7609	29
7610	26
7611	13
7612	32
7613	37
7614	37
7615	28
7616	29
7617	31
7618	22
7619	31
7620	34
7621	23
7622	26
7623	31
7624	13
7625	29
7626	33
7627	29
7628	31
7629	30
7630	29
7631	21
7632	22
7633	32
7634	30
7635	35
7636	19
7637	24
7638	30
7639	33
7640	32
7641	30
7642	34
7643	26
7644	29
7645	21
7646	34
7647	27
7648	31
7649	33
7650	27
7651	32
7652	33
7653	31
7654	29
7655	27
7656	12
7657	28
7658	33
7659	33
7660	30
7661	35
7662	33
7663	39
7664	28
7665	28
7666	20
7667	28
7668	30
7669	28
7670	30
7671	31
7672	27
7673	36
7674	29
7675	32
7676	15
7677	10
7678	34
7679	19
7680	28
7681	38
7682	19
7683	31
7684	27
7685	33
7686	33
7687	27
7688	29
7689	32
7690	29
7691	31
7692	34
7693	31
7694	25
7695	29
7696	33
7697	33
7698	16
7699	31
7700	26
7701	34
7702	36
7703	33
7704	24
7705	32
7706	26
7707	37
7708	22
7709	27
7710	29
7711	33
7712	34
7713	33
7714	23
7715	23
7716	32
7717	37
7718	28
7719	11
7720	10
7721	37
7722	31
7723	34
7724	28
7725	27
7726	25
7727	27
7728	23
7729	24
7730	32
7731	25
7732	31
7733	31
7734	36
7735	32
7736	35
7737	34
7738	28
7739	16
7740	36
7741	30
7742	12
7743	30
7744	28
7745	12
7746	28
7747	32
7748	28
7749	34
7750	23
7751	33
7752	32
7753	34
7754	31
7755	25
7756	11
7757	35
7758	30
7759	28
7760	33
7761	32
7762	12
7763	30
7764	30
7765	35
7766	12
7767	33
7768	28
7769	27
7770	32
7771	20
7772	31
7773	21
7774	30
7775	32
7776	35
7777	31
7778	33
7779	35
7780	29
7781	32
7782	23
7783	30
7784	30
7785	31
7786	18
7787	30
7788	30
7789	33
7790	33
7791	34
7792	31
7793	32
7794	32
7795	21
7796	17
7797	29
7798	32
7799	30
7800	26
7801	33
7802	21
7803	33
7804	30
7805	31
7806	28
7807	33
7808	13
7809	29
7810	31
7811	26
7812	31
7813	32
7814	18
7815	34
7816	26
7817	32
7818	34
7819	26
7820	30
7821	11
7822	33
7823	33
7824	24
7825	35
7826	23
7827	31
7828	22
7829	25
7830	34
7831	28
7832	24
7833	35
7834	34
7835	21
7836	27
7837	23
7838	23
7839	19
7840	35
7841	20
7842	36
7843	30
7844	30
7845	30
7846	20
7847	30
7848	29
7849	27
7850	25
7851	14
7852	24
7853	30
7854	28
7855	29
7856	27
7857	18
7858	26
7859	33
7860	33
7861	16
7862	19
7863	34
7864	29
7865	25
7866	26
7867	24
7868	12
7869	29
7870	28
7871	35
7872	29
7873	28
7874	35
7875	17
7876	26
7877	31
7878	38
7879	30
7880	15
7881	37
7882	29
7883	27
7884	23
7885	25
7886	32
7887	23
7888	23
7889	35
7890	34
7891	32
7892	22
7893	26
7894	32
7895	24
7896	34
7897	13
7898	22
7899	22
7900	28
7901	28
7902	29
7903	27
7904	28
7905	31
7906	24
7907	31
7908	30
7909	39
7910	36
7911	15
7912	23
7913	24
7914	33
7915	32
7916	20
7917	30
7918	28
7919	35
7920	25
7921	27
7922	34
7923	29
7924	18
7925	29
7926	34
7927	38
7928	22
7929	23
7930	21
7931	27
7932	26
7933	23
7934	35
7935	30
7936	33
7937	29
7938	32
7939	23
7940	33
7941	31
7942	29
7943	18
7944	25
7945	24
7946	17
7947	17
7948	21
7949	30
7950	26
7951	29
7952	30
7953	16
7954	28
7955	21
7956	28
7957	16
7958	16
7959	30
7960	17
7961	29
7962	22
7963	29
7964	23
7965	22
7966	21
7967	19
7968	15
7969	26
7970	29
7971	25
7972	18
7973	15
7974	21
7975	13
7976	20
7977	29
7978	17
7979	29
7980	25
7981	16
7982	26
7983	17
7984	24
7985	27
7986	23
7987	22
7988	20
7989	23
7990	21
7991	22
7992	21
7993	16
7994	20
7995	23
7996	22
7997	24
7998	15
7999	17
